1	547	0	25	49500
2	548	0	25	49500
3	549	0	25	49500
4	550	0	25	49500
5	551	0	25	49500
6	552	0	25	49500
7	553	0	25	49500
8	554	0	25	49500
9	555	0	25	49500
10	556	0	25	49500
11	557	0	25	49500
12	558	0	25	49500
13	559	0	25	49500
14	560	0	25	49500
15	561	0	25	49500
16	562	0	25	49500
17	563	0	25	49500
18	564	0	25	49500
19	565	0	25	49500
20	566	0	25	49500
21	567	0	25	49500
22	568	0	25	49500
23	569	0	25	49500
24	570	0	25	49500
25	571	0	25	49500
26	572	0	25	49500
27	573	0	25	49500
28	574	0	25	49500
29	575	0	25	49500
30	576	0	25	49500
31	577	0	25	49500
32	578	0	25	49500
33	579	0	25	49500
34	580	0	25	49500
35	581	0	25	49500
36	582	0	25	49500
37	583	0	25	49500
38	584	0	25	49500
39	585	0	25	49500
40	586	0	25	49500
41	587	0	25	49500
42	588	0	25	49500
43	589	0	25	49500
44	590	0	25	49500
45	591	0	25	49500
46	592	0	25	49500
47	593	0	25	49500
48	594	0	25	49500
49	595	0	25	49500
50	596	0	25	49500
51	597	0	25	49500
52	598	0	25	49500
53	599	0	25	49500
54	600	0	25	49500
55	601	0	25	49500
56	602	0	25	49500
57	603	0	25	49500
58	604	0	25	49500
59	605	0	25	49500
60	606	0	25	49500
61	607	0	25	49500
62	608	0	25	49500
63	609	0	25	49500
64	610	0	25	49500
65	611	0	25	49500
66	612	0	25	49500
67	613	0	25	49500
68	614	0	25	49500
69	615	0	25	49500
70	616	0	25	49500
71	617	0	25	49500
72	618	0	25	49500
73	619	0	25	49500
74	620	0	25	49500
75	621	0	25	49500
76	622	0	25	49500
77	623	0	25	49500
78	624	0	25	49500
79	625	0	25	49500
80	626	0	25	49500
81	627	0	25	49500
82	628	0	25	49500
83	629	0	25	49500
84	630	0	25	49500
85	631	0	25	49500
86	632	0	25	49500
87	633	0	25	49500
88	634	0	25	49500
89	635	0	25	49500
90	636	0	25	49500
91	637	0	25	49500
92	638	0	25	49500
93	639	0	25	49500
94	640	0	25	49500
95	641	0	25	49500
96	642	0	25	49500
97	643	0	25	49500
98	644	0	25	49500
99	645	0	25	49500
100	646	0	25	49500
101	647	0	25	49500
102	648	0	25	49500
103	649	0	25	49500
104	650	0	25	49500
105	651	0	25	49500
106	652	0	25	49500
107	653	0	25	49500
108	654	0	25	49500
109	655	0	25	49500
110	656	0	25	49500
111	657	0	25	49500
112	658	0	25	49500
113	659	0	25	49500
114	660	0	25	49500
115	661	0	25	49500
116	662	0	25	49500
117	663	0	25	49500
118	664	0	25	49500
119	665	0	25	49500
120	666	0	25	49500
121	667	0	25	49500
122	668	0	25	49500
123	669	0	25	49500
124	670	0	25	49500
125	671	0	25	49500
126	672	0	25	49500
127	673	0	25	49500
128	674	0	25	49500
129	675	0	25	49500
130	676	0	25	49500
131	677	0	25	49500
132	678	0	25	49500
133	679	0	25	49500
134	680	0	25	49500
135	681	0	25	49500
136	682	0	25	49500
137	683	0	25	49500
138	684	0	25	49500
139	685	0	25	49500
140	686	0	25	49500
141	687	0	25	49500
142	688	0	25	49500
143	689	0	25	49500
144	690	0	25	49500
145	691	0	25	49500
146	692	0	25	49500
147	693	0	25	49500
148	694	0	25	49500
149	695	0	25	49500
150	696	0	25	49500
151	697	0	25	49500
152	698	0	25	49500
153	699	0	25	49500
154	700	0	25	49500
155	701	0	25	49500
156	702	0	25	49500
157	703	0	25	49500
158	704	0	25	49500
159	705	0	25	49500
160	706	0	25	49500
161	707	0	25	49500
162	708	0	25	49500
163	709	0	25	49500
164	710	0	25	49500
165	711	0	25	49500
166	712	0	25	49500
167	713	0	25	49500
168	714	0	25	49500
169	715	0	25	49500
170	716	0	25	49500
171	717	0	25	49500
172	718	0	25	49500
173	719	0	25	49500
174	720	0	25	49500
175	721	0	25	49500
176	722	0	25	49500
177	723	0	25	49500
178	724	0	25	49500
179	725	0	25	49500
180	726	0	25	49500
181	727	0	25	49500
182	728	0	25	49500
183	729	0	25	49500
184	730	0	25	49500
185	731	0	25	49500
186	732	0	25	49500
187	733	0	25	49500
188	734	0	25	49500
189	735	0	25	49500
190	736	0	25	49500
191	737	0	25	49500
192	738	0	25	49500
193	739	0	25	49500
194	740	0	25	49500
195	741	0	25	49500
196	742	0	25	49500
197	743	0	25	49500
198	744	0	25	49500
199	745	0	25	49500
200	746	0	25	49500
201	747	0	25	49500
202	748	0	25	49500
203	749	0	25	49500
204	750	0	25	49500
205	751	0	25	49500
206	752	0	25	49500
207	753	0	25	49500
208	754	0	25	49500
209	755	0	25	49500
210	756	0	25	49500
211	757	0	25	49500
212	758	0	25	49500
213	759	0	25	49500
214	760	0	25	49500
215	761	0	25	49500
216	762	0	25	49500
217	763	0	25	49500
218	764	0	25	49500
219	765	0	25	49500
220	766	0	25	49500
221	767	0	25	49500
222	768	0	25	49500
223	769	0	25	49500
224	770	0	25	49500
225	771	0	25	49500
226	772	0	25	49500
227	773	0	25	49500
228	774	0	25	49500
229	775	0	25	49500
230	776	0	25	49500
231	777	0	25	49500
232	778	0	25	49500
233	779	0	25	49500
234	780	0	25	49500
235	781	0	25	49500
236	782	0	25	49500
237	783	0	25	49500
238	784	0	25	49500
239	785	0	25	49500
240	786	0	25	49500
241	787	0	25	49500
242	788	0	25	49500
243	789	0	25	49500
244	790	0	25	49500
245	791	0	25	49500
246	792	0	25	49500
247	793	0	25	49500
248	794	0	25	49500
249	795	0	25	49500
250	796	0	25	49500
251	797	0	25	49500
252	798	0	25	49500
253	799	0	25	49500
254	800	0	25	49500
255	801	0	25	49500
256	802	0	25	49500
257	803	0	25	49500
258	804	0	25	49500
259	805	0	25	49500
260	806	0	25	49500
261	807	0	25	49500
262	808	0	25	49500
263	809	0	25	49500
264	810	0	25	49500
265	811	0	25	49500
266	812	0	25	49500
267	813	0	25	49500
268	814	0	25	49500
269	815	0	25	49500
270	816	0	25	49500
271	817	0	25	49500
272	818	0	25	49500
273	819	0	25	49500
274	820	0	25	49500
275	821	0	25	49500
276	822	0	25	49500
277	823	0	25	49500
278	824	0	25	49500
279	825	0	25	49500
280	826	0	25	49500
281	827	0	25	49500
282	828	0	25	49500
283	829	0	25	49500
284	830	0	25	49500
285	831	0	25	49500
286	832	0	25	49500
287	833	0	25	49500
288	834	0	25	49500
289	835	0	25	49500
290	836	0	25	49500
291	837	0	25	49500
292	838	0	25	49500
293	839	0	25	49500
294	840	0	25	49500
295	841	0	25	49500
296	842	0	25	49500
297	843	0	25	49500
298	844	0	25	49500
299	845	0	25	49500
300	846	0	25	49500
301	847	0	25	49500
302	848	0	25	49500
303	849	0	25	49500
304	850	0	25	49500
305	851	0	25	49500
306	852	0	25	49500
307	853	0	25	49500
308	854	0	25	49500
309	855	0	25	49500
310	856	0	25	49500
311	857	0	25	49500
312	858	0	25	49500
313	859	0	25	49500
314	860	0	25	49500
315	861	0	25	49500
316	862	0	25	49500
317	863	0	25	49500
318	864	0	25	49500
319	865	0	25	49500
320	866	0	25	49500
321	867	0	25	49500
322	868	0	25	49500
323	869	0	25	49500
324	870	0	25	49500
325	871	0	25	49500
326	872	0	25	49500
327	873	0	25	49500
328	874	0	25	49500
329	875	0	25	49500
330	876	0	25	49500
331	877	0	25	49500
332	878	0	25	49500
333	879	0	25	49500
334	880	0	25	49500
335	881	0	25	49500
336	882	0	25	49500
337	883	0	25	49500
338	884	0	25	49500
339	885	0	25	49500
340	886	0	25	49500
341	887	0	25	49500
342	888	0	25	49500
343	889	0	25	49500
344	890	0	25	49500
345	891	0	25	49500
346	892	0	25	49500
347	893	0	25	49500
348	894	0	25	49500
349	895	0	25	49500
350	896	0	25	49500
351	897	0	25	49500
352	898	0	25	49500
353	899	0	25	49500
354	900	0	25	49500
355	901	0	25	49500
356	902	0	25	49500
357	903	0	25	49500
358	904	0	25	49500
359	905	0	25	49500
360	906	0	25	49500
361	907	0	25	49500
362	908	0	25	49500
363	909	0	25	49500
364	910	0	25	49500
365	911	0	25	49500
366	912	0	25	49500
367	913	0	25	49500
368	914	0	25	49500
369	915	0	25	49500
370	916	0	25	49500
371	917	0	25	49500
372	918	0	25	49500
373	919	0	25	49500
374	920	0	25	49500
375	921	0	25	49500
376	922	0	25	49500
377	923	0	25	49500
378	924	0	25	49500
379	925	0	25	49500
380	926	0	25	49500
381	927	0	25	49500
382	928	0	25	49500
383	929	0	25	49500
384	930	0	25	49500
385	931	0	25	49500
386	932	0	25	49500
387	933	0	25	49500
388	390	12.0468	65.1766	3500
388	391	6.35718	63.7844	3500
388	708	1.81366	37.524	2000
388	802	4.42618	55.5587	2000
389	390	4.70056	64.9847	1000
389	801	7.50969	47.0335	2500
389	914	3.3019	50.0288	2500
390	388	12.0468	65.1766	3500
390	389	4.70056	64.9847	1000
390	925	7.06021	61.1274	3500
391	388	6.35718	63.7844	3500
391	392	4.5587	64.8156	3500
391	709	1.26933	143.698	3000
391	715	4.71637	44.4941	3000
392	391	4.5587	64.8156	3500
392	393	2.70059	63.5433	3500
392	713	1.675	95.7143	1000
392	717	1.60466	32.3086	1000
393	392	2.70059	63.5433	3500
393	394	3.1116	54.5895	5000
393	712	2.70953	62.0503	3500
393	716	0.61304	19.6697	3500
394	393	3.1116	54.5895	5000
394	395	2.25782	55.979	5000
394	584	4.77245	57.6151	500
394	601	0.56239	19.2819	500
395	394	2.25782	55.979	5000
395	396	3.35722	55.1872	5000
395	584	3.87386	59.9051	3500
395	600	0.82969	36.604	3500
396	395	3.35722	55.1872	5000
396	397	1.95295	55.5341	5000
397	396	1.95295	55.5341	5000
397	398	2.17728	55.3546	5000
397	588	2.501	49.6887	3000
397	604	1.10476	51.7856	3000
398	397	2.17728	55.3546	5000
398	399	0.62803	52.3358	5000
398	400	1.95581	55.6155	6500
398	403	2.806	55.0196	8000
399	398	0.62803	52.3358	5000
399	537	3.93438	55.1549	5000
399	604	1.69926	30.7095	7000
399	609	1.364	93	7000
400	398	1.95581	55.6155	6500
400	401	3.45553	50.6924	5000
400	587	1.00973	68.8452	500
400	609	2.50769	22.3901	500
401	400	3.45553	50.6924	5000
401	402	1.5004	53.2686	5000
401	585	1.00047	35.3107	6000
401	590	2.22043	73.6054	6000
402	401	1.5004	53.2686	5000
403	398	2.806	55.0196	8000
403	404	3.00452	55.2979	6500
403	606	1.20311	25.4178	1500
403	611	1.92899	55.9128	1500
404	403	3.00452	55.2979	6500
404	405	0.91703	52.4017	5000
404	675	1.54319	29.4877	5500
404	680	1.61045	76.0843	5500
405	404	0.91703	52.4017	5000
405	406	2.18666	51.8575	5000
405	488	0.95285	56.605	5000
406	405	2.18666	51.8575	5000
406	407	3.05061	55.2981	5000
406	677	0.82067	24.6201	3000
406	682	2.20446	53.9868	3000
407	406	3.05061	55.2981	5000
407	408	2.94384	54.3478	5000
407	687	0.82067	28.7954	6500
407	692	2.45596	59.6589	6500
408	407	2.94384	54.3478	5000
408	409	1.91447	52.9347	5000
408	689	1.04948	28.7529	2000
408	694	2.10339	59.812	2000
409	408	1.91447	52.9347	5000
409	410	3.58034	54.6617	5000
409	538	1.40829	57.4812	5000
409	539	2.55473	53.5957	5000
410	409	3.58034	54.6617	5000
410	411	2.99149	65.9887	3500
410	690	2.81196	58.1785	2000
410	700	0.63686	35.0565	2000
411	410	2.99149	65.9887	3500
411	412	2.93815	64.5747	3500
411	685	2.91909	57.6136	6000
411	695	0.63686	36.7419	6000
412	411	2.93815	64.5747	3500
412	413	2.87283	66.0421	3500
413	412	2.87283	66.0421	3500
413	414	2.80865	64.3202	3500
413	730	3.17024	56.7804	4000
413	734	0.62208	57.4228	4000
414	413	2.80865	64.3202	3500
414	415	4.37375	64.0061	3500
414	731	3.20061	58.3698	3500
414	735	0.63686	70.7622	3500
415	414	4.37375	64.0061	3500
415	416	6.15496	65.1319	3500
415	727	4.24465	53.0581	3500
415	733	1.75633	35.0099	3500
416	415	6.15496	65.1319	3500
416	417	5.59407	65.1736	3500
416	726	2.04509	79.6788	2000
416	732	3.95137	44.9019	2000
417	416	5.59407	65.1736	3500
417	732	8.19718	49.9828	3500
417	913	3.12711	54.3845	3500
417	926	6.52016	62.1955	3500
418	419	5.50658	62.6935	5000
418	921	2.33798	36.3417	2000
418	922	4.25297	53.4965	2000
418	923	10.3917	69.4323	5000
419	418	5.50658	62.6935	5000
419	420	4.81398	64.6172	5000
419	739	3.41273	40.3873	1500
419	743	1.62768	67.82	1500
420	419	4.81398	64.6172	5000
420	421	2.97089	54.1804	5000
420	751	2.501	58.3891	3000
420	752	0.90683	32.3868	3000
421	420	2.97089	54.1804	5000
421	422	3.25194	55.2738	5000
421	753	1.47413	94.0934	2000
421	754	1.83508	38.4982	2000
422	421	3.25194	55.2738	5000
422	423	2.80865	54.1862	5000
422	762	0.61	42.069	1000
422	766	3.05061	50.7027	1000
423	422	2.80865	54.1862	5000
423	424	3.09902	54.2103	5000
423	764	0.69551	69.551	1000
423	767	3.49621	51.4149	1000
424	423	3.09902	54.2103	5000
424	425	3.06764	55.6068	5000
424	773	0.682	31.4769	1000
424	777	3.32995	53.7089	1000
425	424	3.06764	55.6068	5000
425	426	1.53594	53.8926	5000
425	775	1.47539	33.7876	2000
425	779	1.73609	70.382	2000
426	425	1.53594	53.8926	5000
426	427	0.9548	51.6108	3500
426	441	4.40258	54.8039	5000
427	426	0.9548	51.6108	3500
427	428	3.24219	55.5804	3500
427	594	0.7446	31.242	7000
427	779	2.57432	58.2865	7000
428	427	3.24219	55.5804	3500
428	429	0.682	52.4615	3500
428	431	0.9548	55.0846	5000
429	428	0.682	52.4615	3500
429	430	0.60078	57.2171	3500
429	593	1.00047	25.1164	6500
429	778	2.39692	51.9188	6500
430	429	0.60078	57.2171	3500
431	428	0.9548	55.0846	5000
431	432	3.22089	54.9015	5000
431	593	0.682	32.2205	4000
431	597	2.42854	50.073	4000
432	431	3.22089	54.9015	5000
432	433	2.37978	54.4988	5000
432	595	1.66609	31.6346	4500
432	599	1.56355	70.5361	4500
433	432	2.37978	54.4988	5000
433	434	2.01208	51.3723	5000
433	616	2.79936	49.4005	9500
433	617	0.76433	30.5732	9500
434	433	2.01208	51.3723	5000
434	435	2.60592	50.93	5000
434	618	3.17024	46.1685	9000
434	619	0.63686	58.7871	9000
435	434	2.60592	50.93	5000
435	436	1.78575	55.8047	5000
435	552	1.30973	88.2964	4500
435	554	1.76057	26.8789	4500
436	435	1.78575	55.8047	5000
436	437	2.75582	53.6848	5000
436	496	0.95285	56.05	9000
437	436	2.75582	53.6848	5000
437	438	3.79967	55.0677	5000
437	554	1.037	100.355	4000
437	556	3.32156	27.7568	4000
438	437	3.79967	55.0677	5000
438	439	2.196	54.9	5000
438	535	7.09097	52.0757	6500
438	536	1.85925	52.8697	5000
438	540	1.50659	53.8068	3500
439	438	2.196	54.9	5000
439	440	2.318	54.9723	5000
439	614	2.33798	51.5731	6000
439	615	0.7764	24.0124	6000
440	439	2.318	54.9723	5000
440	441	2.44076	55.6827	5000
440	612	2.33798	53.1359	2000
440	613	0.86267	27.532	2000
441	426	4.40258	54.8039	5000
441	440	2.44076	55.6827	5000
441	591	1.87122	35.1954	6000
441	596	1.30973	109.144	6000
442	443	3.9287	65.6607	3500
442	898	6.25094	57.7899	500
442	899	1.5444	33.3324	500
442	929	32.8818	312.664	3500
443	442	3.9287	65.6607	3500
443	444	4.52881	61.0626	3500
443	897	1.00973	46.6029	500
443	898	3.82164	57.6127	500
444	443	4.52881	61.0626	3500
444	445	5.42934	65.1521	3500
445	444	5.42934	65.1521	3500
445	446	6.81154	65.1822	3500
445	885	4.73644	44.6132	1000
445	886	1.64248	93.856	1000
446	445	6.81154	65.1822	3500
446	447	6.28774	65.2707	3500
446	858	1.41882	35.3233	8500
446	859	4.74469	54.6413	8500
447	446	6.28774	65.2707	3500
447	448	4.3224	65.1618	3500
447	848	3.81335	40.9304	4000
447	849	2.16185	69.3642	4000
448	447	4.3224	65.1618	3500
448	449	2.989	54.6768	5000
448	664	2.75245	59.4054	3500
448	665	0.65699	33.6918	3500
449	448	2.989	54.6768	5000
449	450	1.83	54.9	5000
449	662	2.63362	54.3014	2000
449	663	0.682	29.0213	2000
450	449	1.83	54.9	5000
450	451	1.30973	54.5721	5000
450	453	4.05593	53.3675	5000
450	508	3.51955	55.5718	5000
451	450	1.30973	54.5721	5000
451	452	2.00095	55.072	5000
451	654	2.00652	66.5145	5000
451	655	1.2276	29.7	5000
452	451	2.00095	55.072	5000
452	525	2.15668	55.7762	5000
452	652	2.16185	59.7747	7000
452	654	1.13467	29.8597	7000
453	450	4.05593	53.3675	5000
453	454	9.13311	53.358	3500
453	650	2.62016	55.7481	500
453	841	0.7446	30.1865	500
454	453	9.13311	53.358	3500
454	455	2.99894	55.7079	3500
454	838	1.98695	61.7705	3000
454	840	1.20311	29.4639	3000
455	454	2.99894	55.7079	3500
455	456	2.92864	65.0809	3500
455	833	2.14543	47.6762	3000
455	835	1.18441	24.9349	3000
456	455	2.92864	65.0809	3500
456	457	3.18429	65.2073	3500
456	834	1.96908	58.7785	5500
456	836	1.13467	28.249	5500
457	456	3.18429	65.2073	3500
457	458	1.58248	63.2992	3500
457	829	3.05061	50.147	1000
457	831	0.682	56.8333	1000
458	457	1.58248	63.2992	3500
458	459	1.3708	57.5161	5000
458	467	5.6173	65.1911	3500
458	468	3.08879	63.6864	3500
459	458	1.3708	57.5161	5000
459	460	5.04681	64.9804	3500
459	832	1.27372	60.1757	2000
459	845	3.63808	28.2752	2000
460	459	5.04681	64.9804	3500
460	461	6.78445	64.6138	3500
460	872	4.80508	49.1988	3500
460	875	1.09969	29.8558	3500
461	460	6.78445	64.6138	3500
461	462	5.79725	64.5334	3500
461	874	2.42854	62.0053	2000
461	877	3.93675	40.2394	2000
462	461	5.79725	64.5334	3500
462	873	3.26108	56.7144	1500
462	876	2.74025	37.7966	1500
462	927	7.7268	59.5897	3500
463	464	4.16322	64.0495	3500
463	928	16.654	62.609	3500
464	463	4.16322	64.0495	3500
464	465	7.80824	64.9784	3500
464	883	2.78804	42.6741	2000
464	884	3.36165	63.4274	2000
465	464	7.80824	64.9784	3500
465	466	6.00285	62.7476	3500
465	862	4.47426	59.6568	3500
465	881	1.54319	37.3352	3500
466	465	6.00285	62.7476	3500
466	467	5.7353	64.5625	3500
466	855	2.10339	75.5709	5000
466	862	3.97203	44.1337	5000
467	458	5.6173	65.1911	3500
467	466	5.7353	64.5625	3500
467	845	2.20446	63.2859	2500
467	855	3.79232	38.6971	2500
468	458	3.08879	63.6864	3500
468	469	3.18429	65.4306	3500
468	829	1.66609	75.162	2500
468	830	1.50659	31.7177	2500
469	468	3.18429	65.4306	3500
469	470	2.94384	64.6998	3500
469	819	0.65982	116.439	3000
469	824	3.54115	52.9848	3000
470	469	2.94384	64.6998	3500
470	471	4.14441	60.3555	3500
470	817	0.61304	49.7059	1000
470	822	3.19596	57.0707	1000
471	470	4.14441	60.3555	3500
471	472	3.17259	65.1902	3500
471	815	3.24219	50.6592	3000
471	816	0.65699	64.622	3000
472	471	3.17259	65.1902	3500
472	473	1.5552	53.3211	5000
472	813	1.87122	80.7721	3000
472	815	1.4461	39.0838	3000
473	472	1.5552	53.3211	5000
473	474	2.98962	55.5347	5000
473	475	2.92355	55.3353	5000
473	707	3.85219	52.6495	1000
473	813	0.7446	31.025	1000
474	473	2.98962	55.5347	5000
474	538	2.99149	54.0631	5000
474	701	0.82067	28.4625	3500
474	706	2.41317	59.098	3500
475	473	2.92355	55.3353	5000
475	476	1.52866	54.595	5000
475	706	2.51953	49.0818	3500
475	707	1.17811	40.6245	3500
476	475	1.52866	54.595	5000
476	477	3.38371	54.7231	5000
476	705	2.28404	67.8428	3500
476	707	1.18441	25.4712	3500
477	476	3.38371	54.7231	5000
477	478	2.29704	54.4753	6500
477	503	0.793	54.0682	6500
477	504	0.87339	55.1615	6500
478	477	2.29704	54.4753	6500
478	479	3.01935	55.9139	6500
478	633	1.97097	61.9153	5500
478	703	1.31398	29.3081	5500
479	478	3.01935	55.9139	6500
479	480	1.17336	53.3345	6500
479	629	2.23796	63.3385	3000
479	693	0.96449	30.7816	3000
480	479	1.17336	53.3345	6500
480	481	1.29401	55.0643	5000
480	483	1.525	54.4643	5000
480	484	1.80131	50.7411	5000
480	486	1.89493	56.0078	6500
481	480	1.29401	55.0643	5000
481	482	0.488	54.2222	5000
481	483	1.09969	39.5098	6500
481	691	2.30915	57.2517	6500
482	481	0.488	54.2222	5000
483	480	1.525	54.4643	5000
483	481	1.09969	39.5098	6500
483	539	3.07733	55.4474	5000
483	693	0.682	81.84	6500
484	480	1.80131	50.7411	5000
484	485	2.98962	55.0237	5000
484	627	1.73609	52.6088	6000
484	629	1.52866	25.1287	6000
485	484	2.98962	55.0237	5000
485	489	2.44	55.0376	5000
485	626	1.75633	62.7261	6500
485	628	1.364	28.8169	6500
486	480	1.89493	56.0078	6500
486	535	0.25151	52.0366	6500
486	627	2.10339	56.8484	6500
486	691	1.06706	26.6765	6500
487	488	2.4039	54.4279	5000
487	535	3.49621	50.9157	6500
487	681	1.64248	72.4624	3000
487	682	1.50659	29.7353	3000
488	405	0.95285	56.605	5000
488	487	2.4039	54.4279	5000
488	680	2.29623	46.3885	2500
488	682	1.01524	21.9908	2500
489	485	2.44	55.0376	5000
489	490	0.9779	55.3528	6500
489	630	1.72534	38.627	3500
489	631	1.769	25.0922	3500
490	489	0.9779	55.3528	6500
490	491	2.39847	55.1372	6500
490	557	2.43542	40.7034	5000
490	631	1.19846	18.9231	5000
491	490	2.39847	55.1372	6500
491	492	2.63432	55.6546	6500
491	558	2.34672	44.001	6500
491	559	0.73707	73.707	6500
492	491	2.63432	55.6546	6500
492	493	0.99301	43.4895	6500
492	561	2.19685	42.6573	9000
492	562	0.73707	90.2535	9000
493	492	0.99301	43.4895	6500
493	494	1.9096	51.15	6500
493	497	1.40829	43.5554	6500
493	562	0.57547	27.4033	14500
493	564	1.82797	80.0571	14500
494	493	1.9096	51.15	6500
494	495	2.58801	55.26	9000
494	561	0.67377	40.4262	10000
494	563	2.20446	56.7672	10000
495	494	2.58801	55.26	9000
495	496	2.37274	55.6111	9000
495	551	3.26962	41.8288	7000
495	560	0.61304	39.1302	7000
496	436	0.95285	56.05	9000
496	495	2.37274	55.6111	9000
496	553	1.46907	67.8032	6000
496	556	0.9836	15.9073	6000
497	493	1.40829	43.5554	6500
497	498	0.5787	52.6091	6500
498	497	0.5787	52.6091	6500
498	499	1.25755	56.3082	5000
498	533	1.2276	45.7491	6500
499	498	1.25755	56.3082	5000
499	500	2.60592	55.0546	5000
499	567	1.525	58.6538	12500
499	569	1.04948	27.1417	12500
500	499	2.60592	55.0546	5000
500	501	3.30809	54.9821	5000
500	566	1.54319	50.8744	4500
500	570	0.671	29.6029	4500
501	500	3.30809	54.9821	5000
501	502	3.19188	54.8747	5000
501	571	1.12478	27.1031	5500
501	636	1.06706	103.264	5500
502	501	3.19188	54.8747	5000
502	503	3.32995	51.6271	6500
502	632	1.64248	59.0113	1500
502	634	1.586	24.3376	1500
503	477	0.793	54.0682	6500
503	502	3.32995	51.6271	6500
503	504	0.366	42.2308	7000
503	633	3.05061	52.2962	7000
504	477	0.87339	55.1615	6500
504	503	0.366	42.2308	7000
504	505	3.22839	55.1862	6500
504	635	0.71138	94.8507	7000
505	504	3.22839	55.1862	6500
505	506	2.2338	55.3835	6500
505	634	1.79406	72.7322	6000
505	639	1.39235	34.5211	6000
506	505	2.2338	55.3835	6500
506	507	3.58034	54.8011	5000
506	639	0.86267	28.7557	5000
506	644	2.41317	55.9036	5000
507	506	3.58034	54.8011	5000
507	508	7.0739	53.9992	5000
507	578	5.15657	38.244	1500
507	646	0.2728	10.8397	1500
508	450	3.51955	55.5718	5000
508	507	7.0739	53.9992	5000
508	509	1.89198	47.1032	5000
509	508	1.89198	47.1032	5000
509	510	2.98962	55.3633	5000
509	659	1.09969	111.833	5000
509	667	2.16185	25.6853	5000
510	509	2.98962	55.3633	5000
510	511	0.244	48.8	5000
510	658	1.04948	170.186	4000
510	666	2.22043	32.6534	4000
511	510	0.244	48.8	5000
511	512	2.074	56.3077	5000
511	521	2.86765	55.1471	5000
511	522	4.27174	54.5329	5000
512	511	2.074	56.3077	5000
512	513	3.42959	55.1677	5000
512	661	1.09969	113.761	2000
512	670	3.42144	27.4447	2000
513	512	3.42959	55.1677	5000
513	514	4.8861	55.2102	5000
513	902	3.14017	52.4819	3500
513	905	5.8981	38.8033	3500
514	513	4.8861	55.2102	5000
514	515	4.02785	54.5533	5000
514	903	2.56273	58.9133	3000
514	905	6.71693	35.7601	3000
515	514	4.02785	54.5533	5000
515	516	5.28768	54.9845	5000
515	534	1.49543	55.7303	3500
515	544	0.305	63.1034	3500
515	932	10.4426	105.659	5000
516	515	5.28768	54.9845	5000
516	517	6.58828	65.123	3500
516	903	7.21375	48.3064	6000
516	906	1.11981	41.4744	6000
517	516	6.58828	65.123	3500
517	518	7.19102	64.9791	3500
517	908	1.64248	38.6466	2500
517	909	4.31335	58.9524	2500
518	517	7.19102	64.9791	3500
518	911	3.62732	41.3763	3500
518	912	2.16614	79.249	3500
518	930	38.3558	246.926	3500
519	520	0.682	54.56	5000
519	521	2.50769	55.3167	5000
519	668	0.35569	33.3459	2000
519	670	3.21048	61.3468	2000
520	519	0.682	54.56	5000
521	511	2.86765	55.1471	5000
521	519	2.50769	55.3167	5000
521	666	0.793	86.5091	1500
521	670	2.728	41.6489	1500
522	511	4.27174	54.5329	5000
522	523	5.70472	46.824	5000
523	522	5.70472	46.824	5000
523	530	2.074	55.5536	5000
523	545	0.061	30.5	5000
524	525	2.94447	54.5272	5000
524	545	3.715	50.4299	5000
524	578	2.74568	35.2764	5500
524	647	0.80233	30.4682	5500
525	452	2.15668	55.7762	5000
525	524	2.94447	54.5272	5000
525	652	1.06706	24.9119	5000
525	657	2.23796	53.4971	5000
526	527	5.36835	53.5942	3500
526	528	8.59494	52.4082	5000
526	541	0.43988	59.9836	3500
526	546	2.93815	54.5786	3500
527	526	5.36835	53.5942	3500
527	542	0.61304	56.5883	3500
527	543	3.66203	55.3455	3500
527	546	3.24678	45.945	3500
528	526	8.59494	52.4082	5000
528	529	1.30546	54.7745	6500
528	573	2.39148	25.3067	4000
528	575	1.14609	78.1425	4000
529	528	1.30546	54.7745	6500
529	530	1.89493	55.4614	6500
529	531	1.12478	55.317	6500
530	523	2.074	55.5536	5000
530	529	1.89493	55.4614	6500
530	575	2.51509	55.075	5000
530	577	0.8184	17.4747	5000
531	529	1.12478	55.317	6500
531	532	1.403	51.0182	6500
531	573	0.7446	13.0632	3500
531	574	2.24957	45.754	3500
532	531	1.403	51.0182	6500
532	533	1.22152	48.5372	6500
532	569	1.45508	29.5948	5000
532	574	1.70909	45.9845	5000
533	498	1.2276	45.7491	6500
533	532	1.22152	48.5372	6500
533	568	1.4892	70.9143	5000
533	569	0.854	17.1946	5000
534	515	1.49543	55.7303	3500
534	543	2.95646	53.5914	3500
534	933	6.10762	61.4861	3500
535	438	7.09097	52.0757	6500
535	486	0.25151	52.0366	6500
535	487	3.49621	50.9157	6500
536	438	1.85925	52.8697	5000
536	537	2.94826	54.7664	5000
536	615	1.74784	68.9937	2000
537	399	3.93438	55.1549	5000
537	536	2.94826	54.7664	5000
537	608	2.693	48.8157	5500
537	610	0.62208	46.08	5500
538	409	1.40829	57.4812	5000
538	474	2.99149	54.0631	5000
538	699	0.71138	94.8507	8000
538	704	3.37435	48.4356	8000
539	409	2.55473	53.5957	5000
539	483	3.07733	55.4474	5000
539	694	1.15095	111.382	5000
539	704	2.14196	26.3356	5000
540	438	1.50659	53.8068	3500
540	583	0.7421	79.5107	3000
540	622	2.046	70.1486	3000
541	526	0.43988	59.9836	3500
541	582	2.91335	30.3474	2500
541	902	3.77264	28.2242	2500
542	527	0.61304	56.5883	3500
542	902	2.16614	30.8714	10500
542	903	4.21298	41.1692	10500
543	527	3.66203	55.3455	3500
543	534	2.95646	53.5914	3500
543	903	0.90683	38.8641	3500
544	515	0.305	63.1034	3500
544	903	3.28268	36.5419	5000
544	904	2.51953	46.5144	5000
545	523	0.061	30.5	5000
545	524	3.715	50.4299	5000
545	577	1.83508	30.4999	4000
545	580	1.10476	44.1904	4000
546	526	2.93815	54.5786	3500
546	527	3.24678	45.945	3500
547	1	0	25	49500
547	548	1.33783	24.6226	3000
547	549	2.38213	29.2286	4500
547	621	1.58365	32.8785	5500
548	2	0	25	49500
548	547	1.33783	24.6226	3000
548	550	2.728	28.1721	7000
548	552	2.43542	32.5446	3000
548	618	1.95295	33.2889	7500
549	3	0	25	49500
549	547	2.38213	29.2286	4500
549	550	1.57423	28.7969	5000
549	551	3.1104	44.3287	15500
550	4	0	25	49500
550	548	2.728	28.1721	7000
550	549	1.57423	28.7969	5000
550	551	2.85204	33.0352	7000
550	552	3.26564	25.2173	2000
550	553	1.84619	28.258	3500
550	560	2.61945	29.105	3500
551	5	0	25	49500
551	495	3.26962	41.8288	7000
551	549	3.1104	44.3287	15500
551	550	2.85204	33.0352	7000
551	563	2.22043	43.2551	20000
552	6	0	25	49500
552	435	1.30973	88.2964	4500
552	548	2.43542	32.5446	3000
552	550	3.26564	25.2173	2000
552	553	2.2112	29.0947	8500
552	618	2.65122	36.6528	5000
552	619	3.08699	38.5874	9500
553	7	0	25	49500
553	496	1.46907	67.8032	6000
553	550	1.84619	28.258	3500
553	552	2.2112	29.0947	8500
553	560	2.16185	32.6728	7500
554	8	0	25	49500
554	435	1.76057	26.8789	4500
554	437	1.037	100.355	4000
554	614	3.02427	36.0032	3500
554	619	2.7987	33.7871	2500
554	622	3.73248	38.6785	2000
554	625	1.84418	32.6404	7000
555	9	0	25	49500
555	556	3.06339	28.8999	7500
555	622	3.13542	38.4714	4500
555	624	1.6116	36.0806	5500
555	625	1.10476	41.9529	13500
556	10	0	25	49500
556	437	3.32156	27.7568	4000
556	496	0.9836	15.9073	6000
556	555	3.06339	28.8999	7500
556	557	2.86959	29.0837	6500
556	560	2.63362	28.067	4500
556	624	3.85219	24.9064	1000
557	11	0	25	49500
557	490	2.43542	40.7034	5000
557	556	2.86959	29.0837	6500
557	558	1.86624	28.0638	5000
557	559	2.69645	28.6856	5500
557	624	4.44966	28.8627	2000
557	630	1.71778	27.4845	8500
558	12	0	25	49500
558	491	2.34672	44.001	6500
558	557	1.86624	28.0638	5000
558	560	1.98695	29.5824	4000
558	561	2.32121	32.6931	10000
559	13	0	25	49500
559	491	0.73707	73.707	6500
559	557	2.69645	28.6856	5500
559	562	2.63432	27.9257	12000
559	566	2.13848	28.015	7500
559	631	3.26564	32.121	5000
560	14	0	25	49500
560	495	0.61304	39.1302	7000
560	550	2.61945	29.105	3500
560	553	2.16185	32.6728	7500
560	556	2.63362	28.067	4500
560	558	1.98695	29.5824	4000
560	561	2.45899	33.6848	11000
561	15	0	25	49500
561	492	2.19685	42.6573	9000
561	494	0.67377	40.4262	10000
561	558	2.32121	32.6931	10000
561	560	2.45899	33.6848	11000
562	16	0	25	49500
562	492	0.73707	90.2535	9000
562	493	0.57547	27.4033	14500
562	559	2.63432	27.9257	12000
562	563	2.37587	25.4104	500
562	567	1.46907	27.4593	12000
563	17	0	25	49500
563	494	2.20446	56.7672	10000
563	551	2.22043	43.2551	20000
563	562	2.37587	25.4104	500
563	564	1.50906	42.3101	24000
564	18	0	25	49500
564	493	1.82797	80.0571	14500
564	563	1.50906	42.3101	24000
564	565	1.48419	41.2275	14000
565	19	0	25	49500
565	564	1.48419	41.2275	14000
565	568	1.53594	44.306	12000
565	569	3.039	27.8382	6500
566	20	0	25	49500
566	500	1.54319	50.8744	4500
566	559	2.13848	28.015	7500
566	567	2.5489	28.1646	5000
566	631	2.89027	23.8209	2000
567	21	0	25	49500
567	499	1.525	58.6538	12500
567	562	1.46907	27.4593	12000
567	566	2.5489	28.1646	5000
568	22	0	25	49500
568	533	1.4892	70.9143	5000
568	565	1.53594	44.306	12000
568	574	2.05779	40.0868	17500
569	23	0	25	49500
569	499	1.04948	27.1417	12500
569	532	1.45508	29.5948	5000
569	533	0.854	17.1946	5000
569	565	3.039	27.8382	6500
569	570	2.64067	28.3435	9000
569	572	3.7185	28.2418	3500
569	573	3.05549	36.0176	6000
570	24	0	25	49500
570	500	0.671	29.6029	4500
570	569	2.64067	28.3435	9000
570	571	3.50312	32.3863	3000
570	572	2.50769	28.3355	5500
571	25	0	25	49500
571	501	1.12478	27.1031	5500
571	570	3.50312	32.3863	3000
571	572	3.08879	32.0082	6000
571	631	3.84735	34.3003	2000
571	632	3.22609	24.944	2500
571	634	3.77313	35.9346	2000
571	637	2.14283	28.6347	3500
572	26	0	25	49500
572	569	3.7185	28.2418	3500
572	570	2.50769	28.3355	5500
572	571	3.08879	32.0082	6000
572	573	2.63432	32.1913	6500
572	576	2.37978	33.9969	8500
572	637	3.62835	33.7521	2500
573	27	0	25	49500
573	528	2.39148	25.3067	4000
573	531	0.7446	13.0632	3500
573	569	3.05549	36.0176	6000
573	572	2.63432	32.1913	6500
573	577	2.93815	35.9041	6500
574	28	0	25	49500
574	531	2.24957	45.754	3500
574	532	1.70909	45.9845	5000
574	568	2.05779	40.0868	17500
574	575	2.93118	36.1131	16000
575	29	0	25	49500
575	528	1.14609	78.1425	4000
575	530	2.51509	55.075	5000
575	574	2.93118	36.1131	16000
575	580	3.6544	36.242	4000
575	581	2.62371	38.2094	15000
576	30	0	25	49500
576	572	2.37978	33.9969	8500
576	577	3.03349	28.5281	2000
576	578	3.44258	32.5796	2000
576	637	3.25537	33.6762	4000
576	643	1.65714	28.1667	3000
577	31	0	25	49500
577	530	0.8184	17.4747	5000
577	545	1.83508	30.4999	4000
577	573	2.93815	35.9041	6500
577	576	3.03349	28.5281	2000
577	578	2.51213	32.5546	8000
578	32	0	25	49500
578	507	5.15657	38.244	1500
578	524	2.74568	35.2764	5500
578	576	3.44258	32.5796	2000
578	577	2.51213	32.5546	8000
578	579	3.51902	29.0029	2000
578	580	3.05061	28.6891	2500
578	643	2.3188	36.7092	12000
578	645	3.14904	32.2978	6000
579	33	0	25	49500
579	578	3.51902	29.0029	2000
579	580	2.56273	36.1797	7500
579	582	3.41872	40.2993	1500
579	647	2.26687	38.6398	5500
579	656	3.49195	31.6014	3000
580	34	0	25	49500
580	545	1.10476	44.1904	4000
580	575	3.6544	36.242	4000
580	578	3.05061	28.6891	2500
580	579	2.56273	36.1797	7500
580	581	3.6544	22.3967	1000
580	582	3.62835	33.5958	3500
581	35	0	25	49500
581	575	2.62371	38.2094	15000
581	580	3.6544	22.3967	1000
581	582	3.66457	32.3344	7500
582	36	0	25	49500
582	541	2.91335	30.3474	2500
582	579	3.41872	40.2993	1500
582	580	3.62835	33.5958	3500
582	581	3.66457	32.3344	7500
582	660	4.07195	41.5505	3500
583	37	0	25	49500
583	540	0.7421	79.5107	3000
584	38	0	25	49500
584	394	4.77245	57.6151	500
584	395	3.87386	59.9051	3500
584	586	4.41776	43.1001	4000
584	588	4.55503	45.0993	2500
584	605	5.24742	39.0143	1500
584	710	4.70926	49.3978	1000
584	712	4.70689	37.7558	2000
584	768	5.97831	35.3398	5000
584	808	6.26996	35.3569	500
585	39	0	25	49500
585	401	1.00047	35.3107	6000
585	586	3.05	45.6359	3000
585	587	2.928	37.9438	6000
585	771	3.05	47.1649	3000
586	40	0	25	49500
586	584	4.41776	43.1001	4000
586	585	3.05	45.6359	3000
586	588	2.92864	39.5762	5500
586	772	2.86765	44.924	3000
587	41	0	25	49500
587	400	1.00973	68.8452	500
587	585	2.928	37.9438	6000
587	588	2.989	37.9154	6000
587	592	2.86959	32.0625	6500
587	604	2.8922	42.1194	3500
588	42	0	25	49500
588	397	2.501	49.6887	3000
588	584	4.55503	45.0993	2500
588	586	2.92864	39.5762	5500
588	587	2.989	37.9154	6000
589	43	0	25	49500
589	590	2.98962	40.0396	4500
589	591	2.867	46.8719	5500
589	594	2.92864	42.0379	1500
589	775	3.172	38.2938	2500
590	44	0	25	49500
590	401	2.22043	73.6054	6000
590	589	2.98962	40.0396	4500
590	592	3.05061	42.7656	10000
590	776	3.111	39.2143	7500
591	45	0	25	49500
591	441	1.87122	35.1954	6000
591	589	2.867	46.8719	5500
591	592	3.05244	39.7281	5500
591	608	2.9946	34.4207	3500
591	613	2.728	43.3016	5000
592	46	0	25	49500
592	587	2.86959	32.0625	6500
592	590	3.05061	42.7656	10000
592	591	3.05244	39.7281	5500
592	608	2.76189	37.9207	4000
592	609	2.81461	33.5073	2500
593	47	0	25	49500
593	429	1.00047	25.1164	6500
593	431	0.682	32.2205	4000
593	594	2.928	38.696	6500
593	595	2.92864	41.9376	3500
594	48	0	25	49500
594	427	0.7446	31.242	7000
594	589	2.92864	42.0379	1500
594	593	2.928	38.696	6500
594	596	2.928	37.9438	3000
595	49	0	25	49500
595	432	1.66609	31.6346	4500
595	593	2.92864	41.9376	3500
595	596	2.867	42.0587	3500
595	612	2.9784	25.3122	1500
595	617	2.67358	34.3501	2000
596	50	0	25	49500
596	441	1.30973	109.144	6000
596	594	2.928	37.9438	3000
596	595	2.867	42.0587	3500
596	612	2.70127	38.3159	3000
596	613	2.9784	29.3438	500
597	51	0	25	49500
597	431	2.42854	50.073	4000
597	599	2.89862	38.3923	3500
597	778	4.13587	23.3226	500
598	52	0	25	49500
598	599	2.57432	36.3433	6500
598	616	2.11486	28.1356	2500
598	620	1.85825	28.2266	3500
599	53	0	25	49500
599	432	1.56355	70.5361	4500
599	597	2.89862	38.3923	3500
599	598	2.57432	36.3433	6500
599	616	2.73141	27.8715	3000
599	617	2.86765	37.8985	1500
600	54	0	25	49500
600	395	0.82969	36.604	3500
600	601	3.05244	48.9696	1500
600	602	2.623	47.4036	6000
600	605	2.86765	47.0107	5000
601	55	0	25	49500
601	394	0.56239	19.2819	500
601	600	3.05244	48.9696	1500
601	603	2.501	38.4769	1500
601	716	2.928	33.9807	3000
602	56	0	25	49500
602	600	2.623	47.4036	6000
602	603	3.05	47.9058	4000
602	607	2.87283	38.0507	3000
602	671	2.86959	36.4778	3500
603	57	0	25	49500
603	601	2.501	38.4769	1500
603	602	3.05	47.9058	4000
603	672	3.05061	48.4224	2000
603	718	2.99149	44.9848	1000
604	58	0	25	49500
604	397	1.10476	51.7856	3000
604	399	1.69926	30.7095	7000
604	587	2.8922	42.1194	3500
604	605	2.86959	42.0967	3500
604	606	2.501	40.4474	3500
605	59	0	25	49500
605	584	5.24742	39.0143	1500
605	600	2.86765	47.0107	5000
605	604	2.86959	42.0967	3500
605	607	2.501	27.2836	2000
606	60	0	25	49500
606	403	1.20311	25.4178	1500
606	604	2.501	40.4474	3500
606	607	2.86959	42.0967	3500
606	675	3.11339	29.188	3500
607	61	0	25	49500
607	602	2.87283	38.0507	3000
607	605	2.501	27.2836	2000
607	606	2.86959	42.0967	3500
607	676	3.111	27.1703	500
608	62	0	25	49500
608	537	2.693	48.8157	5500
608	591	2.9946	34.4207	3500
608	592	2.76189	37.9207	4000
608	609	2.80666	38.0995	6500
608	613	2.86765	40.0137	4500
609	63	0	25	49500
609	399	1.364	93	7000
609	400	2.50769	22.3901	500
609	592	2.81461	33.5073	2500
609	608	2.80666	38.0995	6500
609	611	2.50174	39.3975	3000
610	64	0	25	49500
610	537	0.62208	46.08	5500
610	611	2.74568	44.1664	6500
610	615	2.93371	42.0102	8500
610	679	3.05061	38.3725	6500
611	65	0	25	49500
611	403	1.92899	55.9128	1500
611	609	2.50174	39.3975	3000
611	610	2.74568	44.1664	6500
611	680	2.92864	40.4881	4500
612	66	0	25	49500
612	440	2.33798	53.1359	2000
612	595	2.9784	25.3122	1500
612	596	2.70127	38.3159	3000
612	614	2.318	32.5714	5500
612	617	2.92864	40.027	5000
613	67	0	25	49500
613	440	0.86267	27.532	2000
613	591	2.728	43.3016	5000
613	596	2.9784	29.3438	500
613	608	2.86765	40.0137	4500
613	615	2.37978	39.5531	10000
614	68	0	25	49500
614	439	2.33798	51.5731	6000
614	554	3.02427	36.0032	3500
614	612	2.318	32.5714	5500
614	619	3.01132	31.9786	3500
614	622	3.41273	33.7894	4000
615	69	0	25	49500
615	439	0.7764	24.0124	6000
615	536	1.74784	68.9937	2000
615	610	2.93371	42.0102	8500
615	613	2.37978	39.5531	10000
615	622	3.14904	37.5631	4000
616	70	0	25	49500
616	433	2.79936	49.4005	9500
616	598	2.11486	28.1356	2500
616	599	2.73141	27.8715	3000
616	618	1.89493	35.7534	6500
616	620	1.89198	29.9522	5500
617	71	0	25	49500
617	433	0.76433	30.5732	9500
617	595	2.67358	34.3501	2000
617	599	2.86765	37.8985	1500
617	612	2.92864	40.027	5000
617	619	2.01392	35.9629	10500
618	72	0	25	49500
618	434	3.17024	46.1685	9000
618	548	1.95295	33.2889	7500
618	552	2.65122	36.6528	5000
618	616	1.89493	35.7534	6500
618	621	2.08652	32.2658	3500
619	73	0	25	49500
619	434	0.63686	58.7871	9000
619	552	3.08699	38.5874	9500
619	554	2.7987	33.7871	2500
619	614	3.01132	31.9786	3500
619	617	2.01392	35.9629	10500
620	74	0	25	49500
620	598	1.85825	28.2266	3500
620	616	1.89198	29.9522	5500
620	621	1.403	32.2529	3000
621	75	0	25	49500
621	547	1.58365	32.8785	5500
621	618	2.08652	32.2658	3500
621	620	1.403	32.2529	3000
622	76	0	25	49500
622	540	2.046	70.1486	3000
622	554	3.73248	38.6785	2000
622	555	3.13542	38.4714	4500
622	614	3.41273	33.7894	4000
622	615	3.14904	37.5631	4000
622	623	3.22839	38.5863	3500
622	625	2.74025	34.2531	2500
623	77	0	25	49500
623	622	3.22839	38.5863	3500
623	624	2.94384	28.2157	6500
623	627	3.05061	37.8958	5500
623	681	2.87736	40.0561	4000
624	78	0	25	49500
624	555	1.6116	36.0806	5500
624	556	3.85219	24.9064	1000
624	557	4.44966	28.8627	2000
624	623	2.94384	28.2157	6500
624	626	2.69023	36.4365	9500
625	79	0	25	49500
625	554	1.84418	32.6404	7000
625	555	1.10476	41.9529	13500
625	622	2.74025	34.2531	2500
626	80	0	25	49500
626	485	1.75633	62.7261	6500
626	624	2.69023	36.4365	9500
626	627	3.05061	35.8895	13000
626	630	2.0749	28.8181	11000
627	81	0	25	49500
627	484	1.73609	52.6088	6000
627	486	2.10339	56.8484	6500
627	623	3.05061	37.8958	5500
627	626	3.05061	35.8895	13000
628	82	0	25	49500
628	485	1.364	28.8169	6500
628	629	2.87283	36.0606	6000
628	631	3.111	28.4977	6500
628	632	2.9946	36.0072	5000
629	83	0	25	49500
629	479	2.23796	63.3385	3000
629	484	1.52866	25.1287	6000
629	628	2.87283	36.0606	6000
629	633	2.93054	35.9575	6000
630	84	0	25	49500
630	489	1.72534	38.627	3500
630	557	1.71778	27.4845	8500
630	626	2.0749	28.8181	11000
631	85	0	25	49500
631	489	1.769	25.0922	3500
631	490	1.19846	18.9231	5000
631	559	3.26564	32.121	5000
631	566	2.89027	23.8209	2000
631	571	3.84735	34.3003	2000
631	628	3.111	28.4977	6500
631	636	2.19939	30.1976	6500
632	86	0	25	49500
632	502	1.64248	59.0113	1500
632	571	3.22609	24.944	2500
632	628	2.9946	36.0072	5000
632	633	2.93054	38.8151	8000
632	636	2.9159	41.9554	2500
633	87	0	25	49500
633	478	1.97097	61.9153	5500
633	503	3.05061	52.2962	7000
633	629	2.93054	35.9575	6000
633	632	2.93054	38.8151	8000
634	88	0	25	49500
634	502	1.586	24.3376	1500
634	505	1.79406	72.7322	6000
634	571	3.77313	35.9346	2000
634	635	2.93054	45.5524	3500
634	637	2.928	32.4133	4500
635	89	0	25	49500
635	504	0.71138	94.8507	7000
635	634	2.93054	45.5524	3500
635	640	2.93054	48.3056	1000
635	705	2.928	41.5319	5500
636	90	0	25	49500
636	501	1.06706	103.264	5500
636	631	2.19939	30.1976	6500
636	632	2.9159	41.9554	2500
637	91	0	25	49500
637	571	2.14283	28.6347	3500
637	572	3.62835	33.7521	2500
637	576	3.25537	33.6762	4000
637	634	2.928	32.4133	4500
637	644	2.86959	38.3464	5000
638	92	0	25	49500
638	640	5.47847	49.5789	1500
638	642	4.47343	49.3393	3000
638	707	3.24219	47.2164	2500
638	815	4.39242	46.0743	2000
638	825	3.0341	50.1504	1000
638	826	3.0008	37.51	1500
639	93	0	25	49500
639	505	1.39235	34.5211	6000
639	506	0.86267	28.7557	5000
639	640	2.93054	50.0947	3000
639	641	3.05061	38.534	8500
640	94	0	25	49500
640	635	2.93054	48.3056	1000
640	638	5.47847	49.5789	1500
640	639	2.93054	50.0947	3000
640	642	2.93054	40.0529	2000
641	95	0	25	49500
641	639	3.05061	38.534	8500
641	642	2.867	48.4563	6500
641	646	2.93054	45.0852	7000
641	648	2.98962	38.3285	500
642	96	0	25	49500
642	638	4.47343	49.3393	3000
642	640	2.93054	40.0529	2000
642	641	2.867	48.4563	6500
642	649	3.05244	42.6915	2000
643	97	0	25	49500
643	576	1.65714	28.1667	3000
643	578	2.3188	36.7092	12000
643	644	2.90824	35.3944	8000
644	98	0	25	49500
644	506	2.41317	55.9036	5000
644	637	2.86959	38.3464	5000
644	643	2.90824	35.3944	8000
644	646	2.98962	34.2977	5500
645	99	0	25	49500
645	578	3.14904	32.2978	6000
645	646	3.09902	42.0681	6000
645	647	2.50769	37.8996	10000
645	652	2.38213	37.4157	10000
646	100	0	25	49500
646	507	0.2728	10.8397	1500
646	641	2.93054	45.0852	7000
646	644	2.98962	34.2977	5500
646	645	3.09902	42.0681	6000
646	653	2.93054	42.4716	4500
647	101	0	25	49500
647	524	0.80233	30.4682	5500
647	579	2.26687	38.6398	5500
647	645	2.50769	37.8996	10000
647	657	2.17984	36.0304	3500
648	102	0	25	49500
648	641	2.98962	38.3285	500
648	649	2.80666	37.5892	3000
648	650	2.93371	44.1159	3500
648	653	2.9946	45.4876	5000
649	103	0	25	49500
649	642	3.05244	42.6915	2000
649	648	2.80666	37.5892	3000
649	651	2.92864	45.056	2000
649	825	3.05	45.6359	1500
650	104	0	25	49500
650	453	2.62016	55.7481	500
650	648	2.93371	44.1159	3500
650	651	3.05061	42.0774	2500
650	655	2.928	35.5628	3000
651	105	0	25	49500
651	649	2.92864	45.056	2000
651	650	3.05061	42.0774	2500
651	827	2.93054	44.0683	1000
651	842	2.93371	39.1161	2000
652	106	0	25	49500
652	452	2.16185	59.7747	7000
652	525	1.06706	24.9119	5000
652	645	2.38213	37.4157	10000
652	653	3.05	42.6573	4500
653	107	0	25	49500
653	646	2.93054	42.4716	4500
653	648	2.9946	45.4876	5000
653	652	3.05	42.6573	4500
653	655	3.11339	38.8365	2500
654	108	0	25	49500
654	451	2.00652	66.5145	5000
654	452	1.13467	29.8597	7000
654	659	3.05061	38.0533	5500
654	662	3.05061	42.0774	5000
655	109	0	25	49500
655	451	1.2276	29.7	5000
655	650	2.928	35.5628	3000
655	653	3.11339	38.8365	2500
655	663	2.93371	40.0963	6000
656	110	0	25	49500
656	579	3.49195	31.6014	3000
656	657	2.99149	31.8244	7000
656	658	3.05061	38.534	4000
656	660	2.318	36.3133	3000
657	111	0	25	49500
657	525	2.23796	53.4971	5000
657	647	2.17984	36.0304	3500
657	656	2.99149	31.8244	7000
657	659	3.17259	36.4666	15000
658	112	0	25	49500
658	510	1.04948	170.186	4000
658	656	3.05061	38.534	4000
658	659	2.989	32.2554	5500
658	661	2.3188	38.3273	6000
659	113	0	25	49500
659	509	1.09969	111.833	5000
659	654	3.05061	38.0533	5500
659	657	3.17259	36.4666	15000
659	658	2.989	32.2554	5500
660	114	0	25	49500
660	582	4.07195	41.5505	3500
660	656	2.318	36.3133	3000
660	661	2.98962	38.9105	5000
660	902	3.47218	34.4919	4500
661	115	0	25	49500
661	512	1.09969	113.761	2000
661	658	2.3188	38.3273	6000
661	660	2.98962	38.9105	5000
661	902	3.74542	28.2673	3500
662	116	0	25	49500
662	449	2.63362	54.3014	2000
662	654	3.05061	42.0774	5000
662	664	2.99149	47.3587	4500
662	667	2.989	33.2727	2500
663	117	0	25	49500
663	449	0.682	29.0213	2000
663	655	2.93371	40.0963	6000
663	665	2.98962	41.8129	2000
663	841	3.05061	43.9992	3500
664	118	0	25	49500
664	448	2.75245	59.4054	3500
664	662	2.99149	47.3587	4500
664	669	2.92864	45.76	5500
664	849	4.45801	45.4899	5500
665	119	0	25	49500
665	448	0.65699	33.6918	3500
665	663	2.98962	41.8129	2000
665	843	2.928	47.0992	2000
665	849	4.57663	42.3762	1000
666	120	0	25	49500
666	510	2.22043	32.6534	4000
666	521	0.793	86.5091	1500
666	667	2.989	38.3205	2000
666	668	2.92864	42.0379	3000
667	121	0	25	49500
667	509	2.16185	25.6853	5000
667	662	2.989	33.2727	2500
667	666	2.989	38.3205	2000
667	669	2.92864	40.6756	7000
668	122	0	25	49500
668	519	0.35569	33.3459	2000
668	666	2.92864	42.0379	3000
668	669	2.989	37.7558	3500
668	850	2.989	46.7031	4500
669	123	0	25	49500
669	664	2.92864	45.76	5500
669	667	2.92864	40.6756	7000
669	668	2.989	37.7558	3500
669	851	2.93054	38.059	5500
670	124	0	25	49500
670	512	3.42144	27.4447	2000
670	519	3.21048	61.3468	2000
670	521	2.728	41.6489	1500
670	854	5.91731	34.4363	500
670	902	6.92961	40.1329	500
670	905	4.72268	28.3361	1000
671	125	0	25	49500
671	602	2.86959	36.4778	3500
671	672	2.87283	47.0956	2500
671	673	2.99149	44.9848	4500
671	676	2.98962	45.8765	3000
672	126	0	25	49500
672	603	3.05061	48.4224	2000
672	671	2.87283	47.0956	2500
672	674	2.98962	44.9567	2000
672	722	2.86959	48.0937	1000
673	127	0	25	49500
673	671	2.99149	44.9848	4500
673	674	3.05549	47.8667	3500
673	678	2.86765	47.0107	4000
673	683	3.11339	43.7479	3000
674	128	0	25	49500
674	672	2.98962	44.9567	2000
674	673	3.05549	47.8667	3500
674	684	2.928	40.951	1500
674	724	2.928	39.04	2000
675	129	0	25	49500
675	404	1.54319	29.4877	5500
675	606	3.11339	29.188	3500
675	676	2.74771	38.1626	5500
675	677	2.80865	42.1298	4500
676	130	0	25	49500
676	607	3.111	27.1703	500
676	671	2.98962	45.8765	3000
676	675	2.74771	38.1626	5500
676	678	2.867	42.0587	3500
677	131	0	25	49500
677	406	0.82067	24.6201	3000
677	675	2.80865	42.1298	4500
677	678	2.87283	38.0507	5500
677	687	3.05061	41.8848	8000
678	132	0	25	49500
678	673	2.86765	47.0107	4000
678	676	2.867	42.0587	3500
678	677	2.87283	38.0507	5500
678	688	2.989	42.9043	7500
679	133	0	25	49500
679	610	3.05061	38.3725	6500
679	680	2.196	38.7529	3500
679	681	3.05061	39.027	4000
680	134	0	25	49500
680	404	1.61045	76.0843	5500
680	488	2.29623	46.3885	2500
680	611	2.92864	40.4881	4500
680	679	2.196	38.7529	3500
681	135	0	25	49500
681	487	1.64248	72.4624	3000
681	623	2.87736	40.0561	4000
681	679	3.05061	39.027	4000
681	691	2.867	43.005	12000
682	136	0	25	49500
682	406	2.20446	53.9868	3000
682	487	1.50659	29.7353	3000
682	488	1.01524	21.9908	2500
682	692	2.9946	44.919	8000
683	137	0	25	49500
683	673	3.11339	43.7479	3000
683	684	2.928	39.04	2500
683	685	2.80666	45.1473	4000
683	688	2.9946	42.8821	3500
684	138	0	25	49500
684	674	2.928	40.951	1500
684	683	2.928	39.04	2500
684	728	2.92864	44.9408	3500
685	139	0	25	49500
685	411	2.91909	57.6136	6000
685	683	2.80666	45.1473	4000
685	686	2.80865	48.1483	1500
685	690	3.05	47.9058	4000
686	140	0	25	49500
686	685	2.80865	48.1483	1500
686	730	2.92864	44.9408	1000
687	141	0	25	49500
687	407	0.82067	28.7954	6500
687	677	3.05061	41.8848	8000
687	688	2.80865	38.1265	6500
687	689	2.928	34.996	7000
688	142	0	25	49500
688	678	2.989	42.9043	7500
688	683	2.9946	42.8821	3500
688	687	2.80865	38.1265	6500
688	690	2.989	33.7105	5000
689	143	0	25	49500
689	408	1.04948	28.7529	2000
689	687	2.928	34.996	7000
689	690	2.81196	42.1794	3500
689	699	3.1116	38.6534	1500
690	144	0	25	49500
690	410	2.81196	58.1785	2000
690	685	3.05	47.9058	4000
690	688	2.989	33.7105	5000
690	689	2.81196	42.1794	3500
691	145	0	25	49500
691	481	2.30915	57.2517	6500
691	486	1.06706	26.6765	6500
691	681	2.867	43.005	12000
691	692	2.75109	39.115	8000
692	146	0	25	49500
692	407	2.45596	59.6589	6500
692	682	2.9946	44.919	8000
692	691	2.75109	39.115	8000
692	694	2.92864	33.9881	5500
693	147	0	25	49500
693	479	0.96449	30.7816	3000
693	483	0.682	81.84	6500
693	694	2.98962	41.9106	4500
693	703	3.05	35.6725	2000
694	148	0	25	49500
694	408	2.10339	59.812	2000
694	539	1.15095	111.382	5000
694	692	2.92864	33.9881	5500
694	693	2.98962	41.9106	4500
695	149	0	25	49500
695	411	0.63686	36.7419	6000
695	696	2.989	44.9474	8500
695	697	2.92864	37.9521	4500
695	700	2.99149	32.6344	10500
696	150	0	25	49500
696	695	2.989	44.9474	8500
696	698	3.05061	42.4679	5000
696	734	2.80865	40.1236	1500
697	151	0	25	49500
697	695	2.92864	37.9521	4500
697	698	2.99149	45.4404	4000
697	702	2.989	45.1738	5500
697	809	2.989	45.4025	2500
698	152	0	25	49500
698	696	3.05061	42.4679	5000
698	697	2.99149	45.4404	4000
698	736	2.867	39.8194	4500
698	810	2.86765	36.8435	2000
699	153	0	25	49500
699	538	0.71138	94.8507	8000
699	689	3.1116	38.6534	1500
699	700	2.867	42.0587	5000
699	701	2.86765	47.0107	5000
700	154	0	25	49500
700	410	0.63686	35.0565	2000
700	695	2.99149	32.6344	10500
700	699	2.867	42.0587	5000
700	702	3.05061	35.8895	4500
701	155	0	25	49500
701	474	0.82067	28.4625	3500
701	699	2.86765	47.0107	5000
701	702	2.87283	50.1075	2500
701	813	2.93054	39.6913	2000
702	156	0	25	49500
702	697	2.989	45.1738	5500
702	700	3.05061	35.8895	4500
702	701	2.87283	50.1075	2500
702	814	2.92864	38.6194	3500
703	157	0	25	49500
703	478	1.31398	29.3081	5500
703	693	3.05	35.6725	2000
703	704	2.867	40.0979	7500
703	705	2.74771	39.4408	3500
704	158	0	25	49500
704	538	3.37435	48.4356	8000
704	539	2.14196	26.3356	5000
704	703	2.867	40.0979	7500
704	706	2.86765	37.8152	8500
705	159	0	25	49500
705	476	2.28404	67.8428	3500
705	635	2.928	41.5319	5500
705	703	2.74771	39.4408	3500
705	706	2.93054	42.4716	5000
706	160	0	25	49500
706	474	2.41317	59.098	3500
706	475	2.51953	49.0818	3500
706	704	2.86765	37.8152	8500
706	705	2.93054	42.4716	5000
707	161	0	25	49500
707	473	3.85219	52.6495	1000
707	475	1.17811	40.6245	3500
707	476	1.18441	25.4712	3500
707	638	3.24219	47.2164	2500
708	162	0	25	49500
708	388	1.81366	37.524	2000
708	709	5.856	50.4828	3000
708	714	5.81647	49.9268	4000
708	913	16.7325	50.0973	3000
709	163	0	25	49500
709	391	1.26933	143.698	3000
709	708	5.856	50.4828	3000
709	711	4.64922	50.8111	1000
709	713	4.59164	46.5369	2500
709	803	6.1003	47.5966	2500
710	164	0	25	49500
710	584	4.70926	49.3978	1000
710	712	2.86765	33.671	3000
710	806	2.867	48.8693	2500
711	165	0	25	49500
711	709	4.64922	50.8111	1000
711	713	3.05061	44.7522	1000
711	807	2.74568	51.6429	2500
712	166	0	25	49500
712	393	2.70953	62.0503	3500
712	584	4.70689	37.7558	2000
712	710	2.86765	33.671	3000
712	713	3.05061	42.7656	1000
713	167	0	25	49500
713	392	1.675	95.7143	1000
713	709	4.59164	46.5369	2500
713	711	3.05061	44.7522	1000
713	712	3.05061	42.7656	1000
713	716	3.33721	29.5765	2000
714	168	0	25	49500
714	708	5.81647	49.9268	4000
714	715	5.673	51.1081	4500
714	720	5.79532	50.0315	3500
714	913	11.385	50.191	3500
715	169	0	25	49500
715	391	4.71637	44.4941	3000
715	714	5.673	51.1081	4500
715	717	4.49955	50.3681	2500
715	719	4.51647	51.3235	1500
715	721	5.673	51.4169	2500
716	170	0	25	49500
716	393	0.61304	19.6697	3500
716	601	2.928	33.9807	3000
716	713	3.33721	29.5765	2000
716	717	2.86959	42.0967	4000
716	718	2.62371	35.3759	7000
717	171	0	25	49500
717	392	1.60466	32.3086	1000
717	715	4.49955	50.3681	2500
717	716	2.86959	42.0967	4000
717	719	2.501	38.4769	1500
718	172	0	25	49500
718	603	2.99149	44.9848	1000
718	716	2.62371	35.3759	7000
718	719	2.806	45.1367	1000
718	722	3.05549	48.3719	2500
719	173	0	25	49500
719	715	4.51647	51.3235	1500
719	717	2.501	38.4769	1500
719	718	2.806	45.1367	1000
719	723	2.989	45.4025	2000
720	174	0	25	49500
720	714	5.79532	50.0315	3500
720	721	5.61333	51.1854	4000
720	726	5.91731	50.2176	3000
720	913	7.75444	50.2991	3000
721	175	0	25	49500
721	715	5.673	51.4169	2500
721	720	5.61333	51.1854	4000
721	723	4.55258	50.4907	1000
721	725	4.71242	51.4082	2500
721	727	5.85632	49.9828	3000
722	176	0	25	49500
722	672	2.86959	48.0937	1000
722	718	3.05549	48.3719	2500
722	723	2.98962	41.9106	2000
722	724	2.86959	43.0438	1000
723	177	0	25	49500
723	719	2.989	45.4025	2000
723	721	4.55258	50.4907	1000
723	722	2.98962	41.9106	2000
723	725	3.1116	45.7588	2000
724	178	0	25	49500
724	674	2.928	39.04	2000
724	722	2.86959	43.0438	1000
724	725	2.81196	42.1794	3000
724	728	2.989	47.9519	4500
725	179	0	25	49500
725	721	4.71242	51.4082	2500
725	723	3.1116	45.7588	2000
725	724	2.81196	42.1794	3000
725	729	2.928	40.0182	4500
726	180	0	25	49500
726	416	2.04509	79.6788	2000
726	720	5.91731	50.2176	3000
726	727	5.73692	51.0705	4000
726	913	7.53294	48.1851	4000
727	181	0	25	49500
727	415	4.24465	53.0581	3500
727	721	5.85632	49.9828	3000
727	726	5.73692	51.0705	4000
727	729	4.49955	47.2807	1000
727	731	4.51977	51.5563	2000
728	182	0	25	49500
728	684	2.92864	44.9408	3500
728	724	2.989	47.9519	4500
728	729	2.80865	42.1298	5000
728	730	2.92864	42.0379	3500
729	183	0	25	49500
729	725	2.928	40.0182	4500
729	727	4.49955	47.2807	1000
729	728	2.80865	42.1298	5000
729	731	2.86959	40.0408	4000
730	184	0	25	49500
730	413	3.17024	56.7804	4000
730	686	2.92864	44.9408	1000
730	728	2.92864	42.0379	3500
730	731	2.98962	39.9504	3000
731	185	0	25	49500
731	414	3.20061	58.3698	3500
731	727	4.51977	51.5563	2000
731	729	2.86959	40.0408	4000
731	730	2.98962	39.9504	3000
732	186	0	25	49500
732	416	3.95137	44.9019	2000
732	417	8.19718	49.9828	3500
732	733	5.79789	51.0078	3000
732	864	6.222	47.0176	4000
733	187	0	25	49500
733	415	1.75633	35.0099	3500
733	732	5.79789	51.0078	3000
733	735	4.49955	45.2975	1000
733	737	4.70175	47.8144	2500
733	865	5.85886	50.5801	5000
734	188	0	25	49500
734	413	0.62208	57.4228	4000
734	696	2.80865	40.1236	1500
734	735	2.80666	43.069	4500
734	736	2.928	36	5000
735	189	0	25	49500
735	414	0.63686	70.7622	3500
735	733	4.49955	45.2975	1000
735	734	2.80666	43.069	4500
735	737	3.05	35.2601	3000
736	190	0	25	49500
736	698	2.867	39.8194	4500
736	734	2.928	36	5000
736	737	2.81196	36.128	6500
736	866	4.70926	42.4258	3500
737	191	0	25	49500
737	733	4.70175	47.8144	2500
737	735	3.05	35.2601	3000
737	736	2.81196	36.128	6500
737	866	4.57175	51.1763	2000
738	192	0	25	49500
738	740	3.47218	48.6754	1000
738	742	3.85267	42.9666	2000
738	746	5.79789	40.3565	1500
738	784	2.867	48.8693	1500
738	920	5.81551	42.3459	1500
739	193	0	25	49500
739	419	3.41273	40.3873	1500
739	740	3.05244	44.5612	2000
739	741	2.68469	47.6572	2000
739	921	4.60136	47.2742	2000
740	194	0	25	49500
740	738	3.47218	48.6754	1000
740	739	3.05244	44.5612	2000
740	742	2.63432	39.6138	1500
740	920	4.84825	38.3261	2000
741	195	0	25	49500
741	739	2.68469	47.6572	2000
741	742	2.86765	42.2749	500
741	743	4.72701	41.8937	1000
741	747	3.05061	48.1675	2500
742	196	0	25	49500
742	738	3.85267	42.9666	2000
742	740	2.63432	39.6138	1500
742	741	2.86765	42.2749	500
742	748	2.99149	47.9918	2500
743	197	0	25	49500
743	419	1.62768	67.82	1500
743	741	4.72701	41.8937	1000
743	744	5.38599	45.4514	2500
743	745	5.38772	42.423	2000
743	751	4.84211	47.5494	3000
743	752	4.68748	43.2026	1500
743	921	6.67441	44.7947	2500
743	922	6.49471	40.1321	1000
744	198	0	25	49500
744	743	5.38599	45.4514	2500
744	745	2.68469	42.5017	6000
744	922	5.01982	48.2675	1500
745	199	0	25	49500
745	743	5.38772	42.423	2000
745	744	2.68469	42.5017	6000
745	755	2.92864	36.9933	4000
746	200	0	25	49500
746	738	5.79789	40.3565	1500
746	748	3.47754	44.7752	2000
746	750	3.60107	44.6414	2000
746	757	5.91826	50.084	4000
746	792	3.05	45.9799	1000
747	201	0	25	49500
747	741	3.05061	48.1675	2500
747	748	3.05	40.4867	3000
747	749	2.806	43.7299	2000
747	752	2.989	40.1208	2500
748	202	0	25	49500
748	742	2.99149	47.9918	2500
748	746	3.47754	44.7752	2000
748	747	3.05	40.4867	3000
748	750	2.867	34.9634	4500
749	203	0	25	49500
749	747	2.806	43.7299	2000
749	750	3.05061	34.4054	2000
749	754	2.867	41.9561	3500
749	758	2.98962	49.1444	3000
750	204	0	25	49500
750	746	3.60107	44.6414	2000
750	748	2.867	34.9634	4500
750	749	3.05061	34.4054	2000
750	759	2.92864	42.9629	1000
751	205	0	25	49500
751	420	2.501	58.3891	3000
751	743	4.84211	47.5494	3000
751	753	2.74771	37.8125	8000
751	755	3.66457	45.1487	3000
752	206	0	25	49500
752	420	0.90683	32.3868	3000
752	743	4.68748	43.2026	1500
752	747	2.989	40.1208	2500
752	754	2.80865	45.6691	2000
753	207	0	25	49500
753	421	1.47413	94.0934	2000
753	751	2.74771	37.8125	8000
753	756	3.29456	42.4192	4500
753	762	2.98962	51.9934	3500
754	208	0	25	49500
754	421	1.83508	38.4982	2000
754	749	2.867	41.9561	3500
754	752	2.80865	45.6691	2000
754	763	3.1116	48.3668	1000
755	209	0	25	49500
755	745	2.92864	36.9933	4000
755	751	3.66457	45.1487	3000
755	756	2.90824	38.605	9000
756	210	0	25	49500
756	753	3.29456	42.4192	4500
756	755	2.90824	38.605	9000
756	766	3.07188	38.16	6500
757	211	0	25	49500
757	746	5.91826	50.084	4000
757	759	3.69289	50.0166	1500
757	761	3.74095	47.7568	3000
757	768	5.856	46.9733	2000
757	800	2.93054	47.3942	3000
758	212	0	25	49500
758	749	2.98962	49.1444	3000
758	759	2.928	45.3953	500
758	760	3.111	48.2326	2000
758	763	2.99149	44.1006	5500
759	213	0	25	49500
759	750	2.92864	42.9629	1000
759	757	3.69289	50.0166	1500
759	758	2.928	45.3953	500
759	761	2.928	48.9359	2000
760	214	0	25	49500
760	758	3.111	48.2326	2000
760	761	2.93371	48.4911	2500
760	765	2.93054	37.9768	6000
760	769	2.80666	46.7777	1000
761	215	0	25	49500
761	757	3.74095	47.7568	3000
761	759	2.928	48.9359	2000
761	760	2.93371	48.4911	2500
761	770	2.928	45.9895	1500
762	216	0	25	49500
762	422	0.61	42.069	1000
762	753	2.98962	51.9934	3500
762	763	2.92864	41.9376	2500
762	764	2.74568	36.7725	500
763	217	0	25	49500
763	754	3.1116	48.3668	1000
763	758	2.99149	44.1006	5500
763	762	2.92864	41.9376	2500
763	765	2.86765	36.6083	4500
764	218	0	25	49500
764	423	0.69551	69.551	1000
764	762	2.74568	36.7725	500
764	765	3.05549	43.1363	3500
764	773	3.1116	45.2048	3000
765	219	0	25	49500
765	760	2.93054	37.9768	6000
765	763	2.86765	36.6083	4500
765	764	3.05549	43.1363	3500
765	774	2.86765	42.9075	6000
766	220	0	25	49500
766	422	3.05061	50.7027	1000
766	756	3.07188	38.16	6500
766	767	3.07188	50.3587	3500
767	221	0	25	49500
767	423	3.49621	51.4149	1000
767	766	3.07188	50.3587	3500
767	777	2.95079	38.6566	6000
768	222	0	25	49500
768	584	5.97831	35.3398	5000
768	757	5.856	46.9733	2000
768	770	3.69289	35.0037	1500
768	772	3.8192	44.1526	1500
768	808	2.928	48.9359	4500
769	223	0	25	49500
769	760	2.80666	46.7777	1000
769	770	2.86765	45.3982	2500
769	771	2.86959	37.9241	2000
769	774	3.05061	35.1318	1000
770	224	0	25	49500
770	761	2.928	45.9895	1500
770	768	3.69289	35.0037	1500
770	769	2.86765	45.3982	2500
770	772	3.111	46.0889	5500
771	225	0	25	49500
771	585	3.05	47.1649	3000
771	769	2.86959	37.9241	2000
771	772	2.9946	45.603	5000
771	776	2.92864	45.056	2500
772	226	0	25	49500
772	586	2.86765	44.924	3000
772	768	3.8192	44.1526	1500
772	770	3.111	46.0889	5500
772	771	2.9946	45.603	5000
773	227	0	25	49500
773	424	0.682	31.4769	1000
773	764	3.1116	45.2048	3000
773	774	3.05061	45.1942	4000
773	775	2.80666	49.8224	2000
774	228	0	25	49500
774	765	2.86765	42.9075	6000
774	769	3.05061	35.1318	1000
774	773	3.05061	45.1942	4000
774	776	2.867	42.8978	3000
775	229	0	25	49500
775	425	1.47539	33.7876	2000
775	589	3.172	38.2938	2500
775	773	2.80666	49.8224	2000
775	776	2.989	47.0709	2500
776	230	0	25	49500
776	590	3.111	39.2143	7500
776	771	2.92864	45.056	2500
776	774	2.867	42.8978	3000
776	775	2.989	47.0709	2500
777	231	0	25	49500
777	424	3.32995	53.7089	1000
777	767	2.95079	38.6566	6000
777	778	3.46789	44.6509	3000
777	779	2.95897	46.9678	2500
778	232	0	25	49500
778	429	2.39692	51.9188	6500
778	597	4.13587	23.3226	500
778	777	3.46789	44.6509	3000
778	779	2.93371	33.9812	4000
779	233	0	25	49500
779	425	1.73609	70.382	2000
779	427	2.57432	58.2865	7000
779	777	2.95897	46.9678	2500
779	778	2.93371	33.9812	4000
780	234	0	25	49500
780	781	5.91731	50.076	3500
780	785	5.734	40.2857	2500
780	914	11.5535	51.2729	2000
780	916	6.20793	46.9705	500
781	235	0	25	49500
781	780	5.91731	50.076	3500
781	782	5.79628	51.4463	3000
781	786	5.67333	50.355	2500
781	917	6.21901	50.1533	1000
782	236	0	25	49500
782	781	5.79628	51.4463	3000
782	783	5.97831	51.0967	3000
782	787	5.551	46.7781	3500
782	917	6.89408	50.1996	3000
782	918	6.39191	40.37	500
783	237	0	25	49500
783	782	5.97831	51.0967	3000
783	784	3.90829	47.4691	3500
783	788	4.62957	50.2304	1500
783	789	4.57175	48.2931	1000
783	918	6.72689	40.4422	500
783	919	6.33608	42.2405	1500
784	238	0	25	49500
784	738	2.867	48.8693	1500
784	783	3.90829	47.4691	3500
784	792	5.795	44.9806	1000
784	919	5.77023	47.1039	2500
785	239	0	25	49500
785	780	5.734	40.2857	2500
785	786	5.856	49.9801	4000
785	793	5.79532	49.9597	4000
785	914	7.74796	50.3114	2500
786	240	0	25	49500
786	781	5.67333	50.355	2500
786	785	5.856	49.9801	4000
786	787	5.856	50.4828	1500
786	794	5.856	50.9956	3000
787	241	0	25	49500
787	782	5.551	46.7781	3500
787	786	5.856	50.4828	1500
787	789	4.69224	46.689	500
787	791	4.78452	50.0124	500
787	795	5.91731	50.5034	4500
788	242	0	25	49500
788	783	4.62957	50.2304	1500
788	789	2.92864	40.027	2000
788	790	2.745	48.7278	1500
788	792	2.728	46.7657	2000
789	243	0	25	49500
789	783	4.57175	48.2931	1000
789	787	4.69224	46.689	500
789	788	2.92864	40.027	2000
789	791	2.867	49.8609	1500
790	244	0	25	49500
790	788	2.745	48.7278	1500
790	791	2.92864	38.0343	2000
790	792	2.87736	50.48	2500
790	796	2.989	45.0603	2000
791	245	0	25	49500
791	787	4.78452	50.0124	500
791	789	2.867	49.8609	1500
791	790	2.92864	38.0343	2000
791	797	3.05244	50.1771	1500
792	246	0	25	49500
792	746	3.05	45.9799	1000
792	784	5.795	44.9806	1000
792	788	2.728	46.7657	2000
792	790	2.87736	50.48	2500
792	800	5.795	43.5169	500
793	247	0	25	49500
793	785	5.79532	49.9597	4000
793	794	5.79532	49.9597	3500
793	801	5.85632	49.9828	3000
793	914	7.3111	50.4214	2000
794	248	0	25	49500
794	786	5.856	50.9956	3000
794	793	5.79532	49.9597	3500
794	795	5.91731	50.5034	4000
794	802	5.79532	46.9257	3000
795	249	0	25	49500
795	787	5.91731	50.5034	4500
795	794	5.91731	50.5034	4000
795	797	4.51647	46.7221	1500
795	799	4.73487	49.7535	2500
795	803	5.734	46.9359	2500
796	250	0	25	49500
796	790	2.989	45.0603	2000
796	797	3.05244	51.1582	1000
796	798	2.92864	40.027	1000
796	800	2.75582	49.9544	500
797	251	0	25	49500
797	791	3.05244	50.1771	1500
797	795	4.51647	46.7221	1500
797	796	3.05244	51.1582	1000
797	799	3.05061	50.147	1000
798	252	0	25	49500
798	796	2.92864	40.027	1000
798	799	3.05974	50.1597	2000
798	800	2.89348	50.176	1000
798	804	2.99149	40.0646	3000
799	253	0	25	49500
799	795	4.73487	49.7535	2500
799	797	3.05061	50.147	1000
799	798	3.05974	50.1597	2000
799	805	2.80666	46.7777	6000
800	254	0	25	49500
800	757	2.93054	47.3942	3000
800	792	5.795	43.5169	500
800	796	2.75582	49.9544	500
800	798	2.89348	50.176	1000
800	808	5.978	28.9492	500
801	255	0	25	49500
801	389	7.50969	47.0335	2500
801	793	5.85632	49.9828	3000
801	802	5.917	50.0733	2000
801	913	20.8982	50.3167	3500
802	256	0	25	49500
802	388	4.42618	55.5587	2000
802	794	5.79532	46.9257	3000
802	801	5.917	50.0733	2000
802	803	5.856	50.4828	2500
803	257	0	25	49500
803	709	6.1003	47.5966	2500
803	795	5.734	46.9359	2500
803	802	5.856	50.4828	2500
803	805	4.60136	46.7935	1000
803	807	4.758	49.7352	1000
804	258	0	25	49500
804	798	2.99149	40.0646	3000
804	805	2.86765	47.7942	4500
804	806	3.05061	48.1675	2000
804	808	2.8383	49.5052	2500
805	259	0	25	49500
805	799	2.80666	46.7777	6000
805	803	4.60136	46.7935	1000
805	804	2.86765	47.7942	4500
805	807	2.98962	47.0806	2000
806	260	0	25	49500
806	710	2.867	48.8693	2500
806	804	3.05061	48.1675	2000
806	807	2.989	30.6041	2000
806	808	2.9784	49.3657	1500
807	261	0	25	49500
807	711	2.74568	51.6429	2500
807	803	4.758	49.7352	1000
807	805	2.98962	47.0806	2000
807	806	2.989	30.6041	2000
808	262	0	25	49500
808	584	6.26996	35.3569	500
808	768	2.928	48.9359	4500
808	800	5.978	28.9492	500
808	804	2.8383	49.5052	2500
808	806	2.9784	49.3657	1500
809	263	0	25	49500
809	697	2.989	45.4025	2500
809	810	2.928	42.1295	1000
809	811	2.989	45.4025	2500
809	814	2.92864	47.3635	2500
810	264	0	25	49500
810	698	2.86765	36.8435	2000
810	809	2.928	42.1295	1000
810	812	2.98962	44.7325	3500
810	866	4.57663	42.3109	2500
811	265	0	25	49500
811	809	2.989	45.4025	2500
811	812	2.867	44.7969	2500
811	816	3.11339	49.0298	3000
811	817	2.93054	45.4347	2500
812	266	0	25	49500
812	810	2.98962	44.7325	3500
812	811	2.867	44.7969	2500
812	818	3.11339	48.0214	2000
812	866	4.53415	42.0478	1000
813	267	0	25	49500
813	472	1.87122	80.7721	3000
813	473	0.7446	31.025	1000
813	701	2.93054	39.6913	2000
813	814	3.05549	48.7578	6000
814	268	0	25	49500
814	702	2.92864	38.6194	3500
814	809	2.92864	47.3635	2500
814	813	3.05549	48.7578	6000
814	816	2.93371	44.5627	2500
815	269	0	25	49500
815	471	3.24219	50.6592	3000
815	472	1.4461	39.0838	3000
815	638	4.39242	46.0743	2000
815	821	2.93054	49.1152	2500
816	270	0	25	49500
816	471	0.65699	64.622	3000
816	811	3.11339	49.0298	3000
816	814	2.93371	44.5627	2500
816	822	2.92864	45.056	2500
817	271	0	25	49500
817	470	0.61304	49.7059	1000
817	811	2.93054	45.4347	2500
817	818	2.87283	41.8373	3500
817	819	2.989	51.094	3500
818	272	0	25	49500
818	812	3.11339	48.0214	2000
818	817	2.87283	41.8373	3500
818	820	2.80865	39.5585	1500
818	869	4.44087	42.0936	1500
819	273	0	25	49500
819	469	0.65982	116.439	3000
819	817	2.989	51.094	3500
819	820	2.745	46.7898	1500
819	829	2.93815	46.5142	3000
820	274	0	25	49500
820	818	2.80865	39.5585	1500
820	819	2.745	46.7898	1500
820	830	3.05061	38.534	500
820	869	4.44087	47.0764	1500
821	275	0	25	49500
821	815	2.93054	49.1152	2500
821	822	2.98962	45.4119	2000
821	823	2.928	47.0992	4000
821	826	2.93371	40.0963	2500
822	276	0	25	49500
822	470	3.19596	57.0707	1000
822	816	2.92864	45.056	2500
822	821	2.98962	45.4119	2000
822	824	2.98962	45.4119	2000
823	277	0	25	49500
823	821	2.928	47.0992	4000
823	824	2.93054	44.5145	2000
823	828	2.928	45.75	3000
823	833	2.92864	42.7539	3000
824	278	0	25	49500
824	469	3.54115	52.9848	3000
824	822	2.98962	45.4119	2000
824	823	2.93054	44.5145	2000
824	834	3.05061	36.5343	9000
825	279	0	25	49500
825	638	3.0341	50.1504	1000
825	649	3.05	45.6359	1500
825	826	2.86765	46.7552	2000
825	827	3.05061	42.0774	1000
826	280	0	25	49500
826	638	3.0008	37.51	1500
826	821	2.93371	40.0963	2500
826	825	2.86765	46.7552	2000
826	828	3.111	47.3756	2000
827	281	0	25	49500
827	651	2.93054	44.0683	1000
827	825	3.05061	42.0774	1000
827	828	2.93054	44.0683	2000
827	837	2.86765	44.807	2500
828	282	0	25	49500
828	823	2.928	45.75	3000
828	826	3.111	47.3756	2000
828	827	2.93054	44.0683	2000
828	838	2.87283	47.4848	500
829	283	0	25	49500
829	457	3.05061	50.147	1000
829	468	1.66609	75.162	2500
829	819	2.93815	46.5142	3000
829	834	2.928	33.0847	7500
830	284	0	25	49500
830	468	1.50659	31.7177	2500
830	820	3.05061	38.534	500
830	832	2.867	41.854	500
830	872	4.4979	45.2809	3000
831	285	0	25	49500
831	457	0.682	56.8333	1000
831	836	2.98962	48.7438	1000
831	845	4.51647	45.3917	1000
832	286	0	25	49500
832	459	1.27372	60.1757	2000
832	830	2.867	41.854	500
832	872	4.39962	41.9678	2000
833	287	0	25	49500
833	455	2.14543	47.6762	3000
833	823	2.92864	42.7539	3000
833	834	2.93815	36.0509	10500
833	838	3.05061	40.5846	2000
834	288	0	25	49500
834	456	1.96908	58.7785	5500
834	824	3.05061	36.5343	9000
834	829	2.928	33.0847	7500
834	833	2.93815	36.0509	10500
835	289	0	25	49500
835	455	1.18441	24.9349	3000
835	836	2.928	47.0992	6000
835	840	2.93371	45.7202	3500
835	846	4.37885	37.7487	1500
836	290	0	25	49500
836	456	1.13467	28.249	5500
836	831	2.98962	48.7438	1000
836	835	2.928	47.0992	6000
836	846	4.41945	41.8244	2500
837	291	0	25	49500
837	827	2.86765	44.807	2500
837	838	2.80865	44.4641	3000
837	839	2.99149	36.3339	2500
837	842	3.05061	50.7027	2000
838	292	0	25	49500
838	454	1.98695	61.7705	3000
838	828	2.87283	47.4848	500
838	833	3.05061	40.5846	2000
838	837	2.80865	44.4641	3000
839	293	0	25	49500
839	837	2.99149	36.3339	2500
839	840	2.92864	45.056	2000
839	844	2.93054	44.5145	1500
839	847	4.49955	42.3155	2000
840	294	0	25	49500
840	454	1.20311	29.4639	3000
840	835	2.93371	45.7202	3500
840	839	2.92864	45.056	2000
840	847	4.59893	43.115	2500
841	295	0	25	49500
841	453	0.7446	30.1865	500
841	663	3.05061	43.9992	3500
841	842	2.928	45.0462	3500
841	843	2.93371	42.1107	500
842	296	0	25	49500
842	651	2.93371	39.1161	2000
842	837	3.05061	50.7027	2000
842	841	2.928	45.0462	3500
842	844	2.928	45.0462	1500
843	297	0	25	49500
843	665	2.928	47.0992	2000
843	841	2.93371	42.1107	500
843	844	3.111	43.92	3000
843	848	4.575	42.5581	2000
844	298	0	25	49500
844	839	2.93054	44.5145	1500
844	842	2.928	45.0462	1500
844	843	3.111	43.92	3000
844	848	4.758	47.58	3500
845	299	0	25	49500
845	459	3.63808	28.2752	2000
845	467	2.20446	63.2859	2500
845	831	4.51647	45.3917	1000
845	846	5.80013	44.2758	2500
845	875	5.9808	50.2588	3000
846	300	0	25	49500
846	835	4.37885	37.7487	1500
846	836	4.41945	41.8244	2500
846	845	5.80013	44.2758	2500
846	847	6.03931	47.2436	3500
846	856	5.91983	47.2327	1500
847	301	0	25	49500
847	839	4.49955	42.3155	2000
847	840	4.59893	43.115	2500
847	846	6.03931	47.2436	3500
847	848	5.97831	47.0733	5000
847	857	5.79628	41.9514	3500
848	302	0	25	49500
848	447	3.81335	40.9304	4000
848	843	4.575	42.5581	2000
848	844	4.758	47.58	3500
848	847	5.97831	47.0733	5000
848	858	5.67333	46.9517	3000
849	303	0	25	49500
849	447	2.16185	69.3642	4000
849	664	4.45801	45.4899	5500
849	665	4.57663	42.3762	1000
849	851	4.55258	38.3106	2000
849	853	4.514	41.9907	2500
849	859	5.73692	46.7684	5500
850	304	0	25	49500
850	668	2.989	46.7031	4500
850	851	2.86765	35.8456	3500
850	852	2.80666	45.8854	2500
850	854	2.67358	47.46	2500
851	305	0	25	49500
851	669	2.93054	38.059	5500
851	849	4.55258	38.3106	2000
851	850	2.86765	35.8456	3500
851	853	2.86765	41.8635	1500
852	306	0	25	49500
852	850	2.80666	45.8854	2500
852	853	2.989	51.3868	2000
852	854	2.80865	43.7712	500
852	860	4.47592	44.1703	2000
853	307	0	25	49500
853	849	4.514	41.9907	2500
853	851	2.86765	41.8635	1500
853	852	2.989	51.3868	2000
853	860	4.57663	47.5906	2500
854	308	0	25	49500
854	670	5.91731	34.4363	500
854	850	2.67358	47.46	2500
854	852	2.80865	43.7712	500
854	861	5.734	38.0997	500
854	905	4.9361	35.5541	1000
854	907	4.18462	42.0565	3500
855	309	0	25	49500
855	466	2.10339	75.5709	5000
855	467	3.79232	38.6971	2500
855	856	5.79789	46.9465	4000
855	878	5.91731	44.4354	2500
856	310	0	25	49500
856	846	5.91983	47.2327	1500
856	855	5.79789	46.9465	4000
856	857	5.9808	47.0929	3000
856	863	5.92203	50.2577	2000
857	311	0	25	49500
857	847	5.79628	41.9514	3500
857	856	5.9808	47.0929	3000
857	858	5.91983	47.6126	3000
857	885	6.22469	50.5388	3500
858	312	0	25	49500
858	446	1.41882	35.3233	8500
858	848	5.67333	46.9517	3000
858	857	5.91983	47.6126	3000
858	886	6.42356	50.2495	5000
859	313	0	25	49500
859	446	4.74469	54.6413	8500
859	849	5.73692	46.7684	5500
859	860	5.734	42.1102	4000
859	887	6.4706	42.1537	4000
860	314	0	25	49500
860	852	4.47592	44.1703	2000
860	853	4.57663	47.5906	2500
860	859	5.734	42.1102	4000
860	861	3.66203	46.849	2500
860	888	6.25808	45.0762	3500
861	315	0	25	49500
861	854	5.734	38.0997	500
861	860	3.66203	46.849	2500
861	888	6.78527	44.9356	4000
861	907	4.65922	42.55	1500
861	910	6.75119	42.151	1500
862	316	0	25	49500
862	465	4.47426	59.6568	3500
862	466	3.97203	44.1337	5000
862	863	5.91983	41.935	1000
862	889	6.28566	50.2853	500
863	317	0	25	49500
863	856	5.92203	50.2577	2000
863	862	5.91983	41.935	1000
863	885	5.91826	50.3682	500
863	890	6.34517	42.3953	3000
864	318	0	25	49500
864	732	6.222	47.0176	4000
864	865	5.63879	50.1969	4500
864	867	6.04023	42.0922	1500
864	913	16.3991	42.139	2500
865	319	0	25	49500
865	733	5.85886	50.5801	5000
865	864	5.63879	50.1969	4500
865	866	5.98578	51.1605	1000
865	868	6.16855	30.0416	500
866	320	0	25	49500
866	736	4.70926	42.4258	3500
866	737	4.57175	51.1763	2000
866	810	4.57663	42.3109	2500
866	812	4.53415	42.0478	1000
866	865	5.98578	51.1605	1000
866	868	8.15326	47.1741	1500
866	869	6.0467	44.0829	2500
867	321	0	25	49500
867	864	6.04023	42.0922	1500
867	868	5.81071	47.1776	3500
867	870	5.85727	51.1552	1500
868	322	0	25	49500
868	865	6.16855	30.0416	500
868	866	8.15326	47.1741	1500
868	867	5.81071	47.1776	3500
868	869	5.9808	51.1179	2000
868	871	6.22469	45.052	2500
869	323	0	25	49500
869	818	4.44087	42.0936	1500
869	820	4.44087	47.0764	1500
869	866	6.0467	44.0829	2500
869	868	5.9808	51.1179	2000
869	872	5.85727	44.1503	2500
870	324	0	25	49500
870	867	5.85727	51.1552	1500
870	871	5.85632	45.1644	5500
871	325	0	25	49500
871	868	6.22469	45.052	2500
871	870	5.85632	45.1644	5500
871	872	5.91983	51.1801	2000
871	874	5.91731	45.1129	2500
872	326	0	25	49500
872	460	4.80508	49.1988	3500
872	830	4.4979	45.2809	3000
872	832	4.39962	41.9678	2000
872	869	5.85727	44.1503	2500
872	871	5.91983	51.1801	2000
873	327	0	25	49500
873	462	3.26108	56.7144	1500
873	874	5.795	45.1558	2000
874	328	0	25	49500
874	461	2.42854	62.0053	2000
874	871	5.91731	45.1129	2500
874	873	5.795	45.1558	2000
874	875	5.81071	51.1957	4000
875	329	0	25	49500
875	460	1.09969	29.8558	3500
875	845	5.9808	50.2588	3000
875	874	5.81071	51.1957	4000
875	878	5.73919	42.1483	1000
876	330	0	25	49500
876	462	2.74025	37.7966	1500
876	877	5.80655	45.1872	1500
876	879	6.1613	45.5268	1000
877	331	0	25	49500
877	461	3.93675	40.2394	2000
877	876	5.80655	45.1872	1500
877	878	5.74632	45.2466	1000
877	880	5.734	44.1643	2000
878	332	0	25	49500
878	855	5.91731	44.4354	2500
878	875	5.73919	42.1483	1000
878	877	5.74632	45.2466	1000
878	881	6.22469	47.038	4500
879	333	0	25	49500
879	876	6.1613	45.5268	1000
879	880	5.85632	45.1644	500
879	882	5.917	45.1105	1000
880	334	0	25	49500
880	877	5.734	44.1643	2000
880	879	5.85632	45.1644	500
880	881	5.87155	45.1658	2500
880	883	5.85632	50.1254	1000
881	335	0	25	49500
881	465	1.54319	37.3352	3500
881	878	6.22469	47.038	4500
881	880	5.87155	45.1658	2500
881	884	6.10122	51.6323	3000
882	336	0	25	49500
882	879	5.917	45.1105	1000
882	883	5.79628	45.1658	1000
883	337	0	25	49500
883	464	2.78804	42.6741	2000
883	880	5.85632	50.1254	1000
883	882	5.79628	45.1658	1000
884	338	0	25	49500
884	464	3.36165	63.4274	2000
884	881	6.10122	51.6323	3000
884	889	5.91983	45.1895	1500
885	339	0	25	49500
885	445	4.73644	44.6132	1000
885	857	6.22469	50.5388	3500
885	863	5.91826	50.3682	500
885	892	6.93578	50.1382	500
886	340	0	25	49500
886	445	1.64248	93.856	1000
886	858	6.42356	50.2495	5000
886	887	5.734	50.2982	500
886	892	5.67136	50.0414	1000
887	341	0	25	49500
887	859	6.4706	42.1537	4000
887	886	5.734	50.2982	500
887	888	6.59506	50.1525	1500
887	893	5.79628	50.6225	500
888	342	0	25	49500
888	860	6.25808	45.0762	3500
888	861	6.78527	44.9356	4000
888	887	6.59506	50.1525	1500
888	894	5.79628	50.1119	1000
888	910	6.25183	49.948	2000
889	343	0	25	49500
889	862	6.28566	50.2853	500
889	884	5.91983	45.1895	1500
889	895	7.15366	49.9674	500
890	344	0	25	49500
890	863	6.34517	42.3953	3000
890	891	6.26432	49.9813	1000
890	896	6.89327	50.0722	2000
891	345	0	25	49500
891	890	6.26432	49.9813	1000
891	896	7.39384	50.0147	500
891	897	4.69105	49.9934	1500
891	899	6.00068	50.145	1000
892	346	0	25	49500
892	885	6.93578	50.1382	500
892	886	5.67136	50.0414	1000
892	897	4.27392	50.6789	1000
893	347	0	25	49500
893	887	5.79628	50.6225	500
893	894	6.59506	50.6015	2000
893	898	6.24617	50.103	2000
893	901	9.5326	50.2598	500
894	348	0	25	49500
894	888	5.79628	50.1119	1000
894	893	6.59506	50.6015	2000
894	910	8.845	49.9247	500
895	349	0	25	49500
895	889	7.15366	49.9674	500
895	896	6.29365	50.2822	500
896	350	0	25	49500
896	890	6.89327	50.0722	2000
896	891	7.39384	50.0147	500
896	895	6.29365	50.2822	500
896	899	7.72198	50.1971	500
897	351	0	25	49500
897	443	1.00973	46.6029	500
897	891	4.69105	49.9934	1500
897	892	4.27392	50.6789	1000
897	899	5.47133	49.7394	500
898	352	0	25	49500
898	442	6.25094	57.7899	500
898	443	3.82164	57.6127	500
898	893	6.24617	50.103	2000
898	900	4.67835	50.1252	1500
899	353	0	25	49500
899	442	1.5444	33.3324	500
899	891	6.00068	50.145	1000
899	896	7.72198	50.1971	500
899	897	5.47133	49.7394	500
900	354	0	25	49500
900	898	4.67835	50.1252	1500
900	901	6.58404	50.0687	500
901	355	0	25	49500
901	893	9.5326	50.2598	500
901	900	6.58404	50.0687	500
902	356	0	25	49500
902	513	3.14017	52.4819	3500
902	541	3.77264	28.2242	2500
902	542	2.16614	30.8714	10500
902	660	3.47218	34.4919	4500
902	661	3.74542	28.2673	3500
902	670	6.92961	40.1329	500
903	357	0	25	49500
903	514	2.56273	58.9133	3000
903	516	7.21375	48.3064	6000
903	542	4.21298	41.1692	10500
903	543	0.90683	38.8641	3500
903	544	3.28268	36.5419	5000
904	358	0	25	49500
904	544	2.51953	46.5144	5000
904	906	5.72881	42.2271	4500
905	359	0	25	49500
905	513	5.8981	38.8033	3500
905	514	6.71693	35.7601	3000
905	670	4.72268	28.3361	1000
905	854	4.9361	35.5541	1000
905	906	7.74724	48.0201	3000
905	907	5.68905	48.0765	5000
906	360	0	25	49500
906	516	1.11981	41.4744	6000
906	904	5.72881	42.2271	4500
906	905	7.74724	48.0201	3000
906	908	6.00316	47.207	3500
906	909	6.31873	33.0247	1500
906	931	22.6543	91.966	500
907	361	0	25	49500
907	854	4.18462	42.0565	3500
907	861	4.65922	42.55	1500
907	905	5.68905	48.0765	5000
907	908	5.61498	43.4148	3000
907	910	8.91122	48.343	2500
908	362	0	25	49500
908	517	1.64248	38.6466	2500
908	906	6.00316	47.207	3500
908	907	5.61498	43.4148	3000
908	911	8.92687	46.9012	2500
908	912	8.00589	38.9897	1500
909	363	0	25	49500
909	517	4.31335	58.9524	2500
909	906	6.31873	33.0247	1500
909	912	6.6291	40.4625	1500
910	364	0	25	49500
910	861	6.75119	42.151	1500
910	888	6.25183	49.948	2000
910	894	8.845	49.9247	500
910	907	8.91122	48.343	2500
910	911	4.70056	40.1186	4500
911	365	0	25	49500
911	518	3.62732	41.3763	3500
911	908	8.92687	46.9012	2500
911	910	4.70056	40.1186	4500
912	366	0	25	49500
912	518	2.16614	79.249	3500
912	908	8.00589	38.9897	1500
912	909	6.6291	40.4625	1500
913	367	0	25	49500
913	417	3.12711	54.3845	3500
913	708	16.7325	50.0973	3000
913	714	11.385	50.191	3500
913	720	7.75444	50.2991	3000
913	726	7.53294	48.1851	4000
913	801	20.8982	50.3167	3500
913	864	16.3991	42.139	2500
914	368	0	25	49500
914	389	3.3019	50.0288	2500
914	780	11.5535	51.2729	2000
914	785	7.74796	50.3114	2500
914	793	7.3111	50.4214	2000
914	915	15.3899	42.2413	500
915	369	0	25	49500
915	914	15.3899	42.2413	500
915	916	5.856	44.8163	500
916	370	0	25	49500
916	780	6.20793	46.9705	500
916	915	5.856	44.8163	500
916	917	5.795	45.5105	1000
917	371	0	25	49500
917	781	6.21901	50.1533	1000
917	782	6.89408	50.1996	3000
917	916	5.795	45.5105	1000
917	918	6.1003	44.9654	500
918	372	0	25	49500
918	782	6.39191	40.37	500
918	783	6.72689	40.4422	500
918	917	6.1003	44.9654	500
918	919	5.978	45.4601	1500
919	373	0	25	49500
919	783	6.33608	42.2405	1500
919	784	5.77023	47.1039	2500
919	918	5.978	45.4601	1500
919	920	5.734	50.0058	3000
919	924	8.53869	50.3263	1000
920	374	0	25	49500
920	738	5.81551	42.3459	1500
920	740	4.84825	38.3261	2000
920	919	5.734	50.0058	3000
920	921	5.97831	50.2379	1500
921	375	0	25	49500
921	418	2.33798	36.3417	2000
921	739	4.60136	47.2742	2000
921	743	6.67441	44.7947	2500
921	920	5.97831	50.2379	1500
922	376	0	25	49500
922	418	4.25297	53.4965	2000
922	743	6.49471	40.1321	1000
922	744	5.01982	48.2675	1500
923	377	0	25	49500
923	418	10.3917	69.4323	5000
924	378	0	25	49500
924	919	8.53869	50.3263	1000
925	379	0	25	49500
925	390	7.06021	61.1274	3500
926	380	0	25	49500
926	417	6.52016	62.1955	3500
927	381	0	25	49500
927	462	7.7268	59.5897	3500
928	382	0	25	49500
928	463	16.654	62.609	3500
929	383	0	25	49500
929	442	32.8818	312.664	3500
930	384	0	25	49500
930	518	38.3558	246.926	3500
931	385	0	25	49500
931	906	22.6543	91.966	500
932	386	0	25	49500
932	515	10.4426	105.659	5000
933	387	0	25	49500
933	534	6.10762	61.4861	3500